Store_0 0 673 242 95 867 729 399 729 283 223 867 375 54 489 65 144 546 5 493 582 606 194 586 606 960 792 128 457 863 982 54 39 381 654 993
Store_1 673 0 438 453 187 741 725 178 651 827 927 921 344 364 83 701 2 592 626 994 627 796 448 305 530 711 697 557 963 449 908 826 463 682 323
Store_2 242 438 0 792 548 649 381 554 153 732 702 547 528 325 437 470 737 88 154 239 730 766 548 593 598 485 58 341 463 130 93 905 997 472 622
Store_3 95 453 792 0 487 615 91 681 204 787 32 934 862 82 788 68 615 2 53 398 485 637 911 355 151 367 291 699 821 50 276 140 537 698 553
Store_4 867 187 548 487 0 748 411 316 771 902 221 639 78 869 442 566 975 276 543 542 512 487 951 549 66 323 434 153 393 78 367 437 660 726 592
Store_5 729 741 649 615 748 0 732 802 1 15 678 171 507 131 96 89 553 725 936 973 971 38 397 149 466 425 591 142 878 153 128 285 611 363 102
Store_6 399 725 381 91 411 732 0 821 511 320 233 366 899 954 603 128 25 815 257 480 214 168 715 523 393 965 627 224 631 768 298 916 37 258 499
Store_7 729 178 554 681 316 802 821 0 758 176 195 716 69 143 62 645 649 899 574 44 6 663 365 340 319 889 669 511 796 411 148 581 372 411 105
Store_8 283 651 153 204 771 1 511 758 0 727 778 569 561 987 291 515 391 90 906 594 210 824 353 500 433 982 568 815 7 694 314 656 544 130 514
Store_9 223 827 732 787 902 15 320 176 727 0 59 420 876 741 674 303 917 969 787 368 580 685 770 338 307 5 948 578 591 952 43 18 475 676 191
Store_10 867 927 702 32 221 678 233 195 778 59 0 657 982 503 41 473 56 169 405 681 912 236 55 848 685 697 850 179 567 772 789 712 264 682 184
Store_11 375 921 547 934 639 171 366 716 569 420 657 0 81 833 464 749 131 264 168 571 419 124 710 803 961 616 435 217 529 70 896 988 895 776 713
Store_12 54 344 528 862 78 507 899 69 561 876 982 81 0 434 663 405 37 544 52 100 999 606 317 82 568 733 100 599 692 723 854 523 916 173 823
Store_13 489 364 325 82 869 131 954 143 987 741 503 833 434 0 551 164 673 70 782 399 889 392 229 628 200 568 348 884 771 666 28 493 283 626 967
Store_14 65 83 437 788 442 96 603 62 291 674 41 464 663 551 0 678 658 806 301 560 991 620 667 80 309 15 988 643 134 168 830 253 884 257 740
Store_15 144 701 470 68 566 89 128 645 515 303 473 749 405 164 678 0 136 207 903 724 871 280 347 617 602 925 673 341 103 297 345 66 577 424 715
Store_16 546 2 737 615 975 553 25 649 391 917 56 131 37 673 658 136 0 563 687 790 480 505 481 287 987 629 259 432 197 757 75 667 214 419 114
Store_17 5 592 88 2 276 725 815 899 90 969 169 264 544 70 806 207 563 0 756 566 230 530 100 155 654 607 374 264 427 875 863 275 101 697 612
Store_18 493 626 154 53 543 936 257 574 906 787 405 168 52 782 301 903 687 756 0 917 909 33 613 848 82 999 783 143 377 450 961 538 838 514 132
Store_19 582 994 239 398 542 973 480 44 594 368 681 571 100 399 560 724 790 566 917 0 511 748 359 313 43 90 187 338 556 544 34 72 550 264 869
Store_20 606 627 730 485 512 971 214 6 210 580 912 419 999 889 991 871 480 230 909 511 0 202 880 516 898 353 661 523 828 455 906 398 105 975 335
Store_21 194 796 766 637 487 38 168 663 824 685 236 124 606 392 620 280 505 530 33 748 202 0 971 593 146 142 835 86 273 11 552 921 7 792 60
Store_22 586 448 548 911 951 397 715 365 353 770 55 710 317 229 667 347 481 100 613 359 880 971 0 876 159 518 707 190 103 904 735 200 845 109 946
Store_23 606 305 593 355 549 149 523 340 500 338 848 803 82 628 80 617 287 155 848 313 516 593 876 0 293 946 461 359 956 433 488 70 477 852 232
Store_24 960 530 598 151 66 466 393 319 433 307 685 961 568 200 309 602 987 654 82 43 898 146 159 293 0 860 25 467 892 966 955 267 475 932 728
Store_25 792 711 485 367 323 425 965 889 982 5 697 616 733 568 15 925 629 607 999 90 353 142 518 946 860 0 514 714 610 449 680 826 716 967 156
Store_26 128 697 58 291 434 591 627 669 568 948 850 435 100 348 988 673 259 374 783 187 661 835 707 461 25 514 0 94 72 851 255 142 841 877 248
Store_27 457 557 341 699 153 142 224 511 815 578 179 217 599 884 643 341 432 264 143 338 523 86 190 359 467 714 94 0 163 250 982 676 315 574 652
Store_28 863 963 463 821 393 878 631 796 7 591 567 529 692 771 134 103 197 427 377 556 828 273 103 956 892 610 72 163 0 33 359 565 279 777 780
Store_29 982 449 130 50 78 153 768 411 694 952 772 70 723 666 168 297 757 875 450 544 455 11 904 433 966 449 851 250 33 0 64 377 204 876 307
Location_0 54 908 93 276 367 128 298 148 314 43 789 896 854 28 830 345 75 863 961 34 906 552 735 488 955 680 255 982 359 64 0 164 621 719 432
Location_1 39 826 905 140 437 285 916 581 656 18 712 988 523 493 253 66 667 275 538 72 398 921 200 70 267 826 142 676 565 377 164 0 466 139 253
Location_2 381 463 997 537 660 611 37 372 544 475 264 895 916 283 884 577 214 101 838 550 105 7 845 477 475 716 841 315 279 204 621 466 0 96 105
Location_3 654 682 472 698 726 363 258 411 130 676 682 776 173 626 257 424 419 697 514 264 975 792 109 852 932 967 877 574 777 876 719 139 96 0 442
Location_4 993 323 622 553 592 102 499 105 514 191 184 713 823 967 740 715 114 612 132 869 335 60 946 232 728 156 248 652 780 307 432 253 105 442 0