Store_0 0 48 45 26 3 47 15 3 16 7 45 23 
Store_1 48 0 45 1 38 5 36 11 15 14 15 30 
Store_2 45 45 0 32 46 26 45 38 42 6 17 14 
Store_3 26 1 32 0 36 39 17 43 40 32 11 1 
Store_4 3 38 46 36 0 4 37 22 27 18 36 21 
Store_5 47 5 26 39 4 0 37 41 22 35 29 43 
Store_6 15 36 45 17 37 37 0 14 49 48 40 39 
Store_7 3 11 38 43 22 41 14 0 32 26 3 17 
Store_8 16 15 42 40 27 22 49 32 0 29 34 21 
Store_9 7 14 6 32 18 35 48 26 29 0 28 48 
Location_0 45 15 17 11 36 29 40 3 34 28 0 35 
Location_1 23 30 14 1 21 43 39 17 21 48 35 0 
