Sobeys			0 624 1148 433 1831 280 1060 1814 1459 
Drugs			624 0 650 441 1047 230 1274 834 1090 
Land			1148 650 0 667 572 672 406 369 521 
Sobeys2			433 441 667 0 1069 996 1256 144 815 
Drugs2			1831 1047 572 1069 0 468 1372 44 134 
Land2			280 230 672 996 468 0 1873 11 290 
ABCLAND			1060 1274 406 1256 1372 1873 0 55 1184 
ADGSLLAND			1814 834 369 144 44 11 55 0 1004 
REWTLAND			1459 1090 521 815 134 290 1184 1004 0 
