Store_0 0 135 117 196 399 189 76 338 308 300 247 108 19 164 8 434 481 212 210 477 150 428 132 243 59 64 33 11 350 128 423 486 441 221 189 466 275 18 393 356 427 110 244 398 350 204 262 249 22 411 177 47 387 107 73 63 235 29 38 109 
Store_1 135 0 168 255 431 323 285 98 124 311 413 232 361 43 408 156 383 179 29 218 100 440 236 392 109 419 108 194 74 78 284 232 105 73 158 299 32 251 172 360 306 209 75 104 323 416 456 479 304 99 92 173 248 83 111 91 90 278 275 292 
Store_2 117 168 0 244 153 269 107 368 288 173 31 284 260 141 6 37 59 482 256 328 325 302 226 240 120 460 136 157 84 256 315 259 183 17 346 127 346 350 153 435 103 353 417 115 113 63 141 158 147 130 365 379 424 309 274 204 381 207 457 105 
Store_3 196 255 244 0 391 234 81 79 20 72 163 148 472 448 237 324 260 367 257 409 341 35 238 420 485 201 9 38 58 216 376 308 16 167 25 186 116 203 231 207 128 321 244 392 100 68 351 297 152 309 465 121 189 275 75 484 469 457 119 60 
Store_4 399 431 153 391 0 108 54 175 296 335 361 388 277 365 307 10 137 226 33 288 224 264 278 125 323 479 157 212 7 111 417 64 51 21 22 86 228 421 419 268 53 481 169 193 334 318 102 90 335 396 417 278 396 170 182 300 425 380 55 389 
Store_5 189 323 269 234 108 0 152 456 192 386 74 212 219 357 485 248 270 499 195 59 72 418 50 239 456 53 375 365 172 10 60 170 95 447 372 150 96 465 71 32 394 220 375 47 272 344 265 40 173 126 492 382 204 366 11 176 98 381 275 72 
Store_6 76 285 107 81 54 152 0 445 215 322 447 498 165 161 418 378 15 477 128 296 284 402 442 396 230 22 265 408 93 86 9 429 406 225 369 405 11 343 415 127 234 308 195 310 443 217 484 391 134 32 430 178 84 276 484 67 399 114 467 152 
Store_7 338 98 368 79 175 456 445 0 87 359 472 389 249 82 137 24 395 176 465 164 168 329 458 427 248 335 44 67 475 189 110 136 361 194 371 407 225 331 6 166 135 344 262 67 304 127 63 108 25 479 65 151 30 9 404 418 318 348 290 489 
Store_8 308 124 288 20 296 192 215 87 0 390 199 469 398 307 196 86 485 90 341 264 346 420 274 223 270 236 494 452 495 62 229 116 398 99 391 422 105 346 127 44 223 352 155 323 421 415 164 202 113 144 437 489 233 152 62 195 313 216 221 481 
Store_9 300 311 173 72 335 386 322 359 390 0 245 377 421 159 146 317 232 217 403 1 435 8 293 164 234 97 379 490 16 301 491 420 39 317 312 207 194 411 484 259 472 490 144 486 272 238 261 240 169 441 160 139 226 226 116 494 339 219 488 244 
Store_10 247 413 31 163 361 74 447 472 199 245 0 193 412 372 9 330 421 231 376 282 135 390 203 114 256 419 100 184 227 429 408 67 165 361 106 338 290 199 36 422 123 174 430 123 456 329 367 99 195 74 499 308 446 474 161 24 298 95 185 92 
Store_11 108 232 284 148 388 212 498 389 469 377 193 0 164 95 101 354 50 172 269 86 229 171 154 262 205 345 409 300 380 224 37 260 49 120 33 355 261 129 5 127 221 36 432 140 156 162 193 260 127 351 138 472 162 39 162 95 59 124 293 456 
Store_12 19 361 260 472 277 219 165 249 398 421 412 164 0 345 332 201 415 465 42 452 203 399 46 376 362 27 428 334 355 411 355 47 40 408 488 338 300 467 483 254 314 222 464 142 305 220 492 267 111 115 250 480 121 148 99 11 177 468 496 384 
Store_13 164 43 141 448 365 357 161 82 307 159 372 95 345 0 192 163 277 182 321 201 458 278 110 370 112 447 237 145 111 79 76 405 317 126 218 166 300 423 320 278 186 473 250 324 48 234 83 339 63 86 116 471 465 161 85 170 139 24 385 59 
Store_14 8 408 6 237 307 485 418 137 196 146 9 101 332 192 0 221 217 251 244 81 264 310 57 436 497 151 216 494 484 130 479 307 25 308 17 295 27 48 323 484 204 405 268 74 81 290 125 171 21 313 477 176 54 490 397 365 104 229 56 289 
Store_15 434 156 37 324 10 248 378 24 86 317 330 354 201 163 221 0 165 143 156 136 280 362 386 179 176 34 227 61 477 322 442 11 318 236 91 129 471 405 183 77 179 429 283 229 201 374 59 438 253 402 451 378 370 367 294 38 172 240 479 228 
Store_16 481 383 59 260 137 270 15 395 485 232 421 50 415 277 217 165 0 326 363 273 302 481 487 447 307 444 15 424 99 346 199 13 190 66 363 112 91 21 189 27 26 88 93 338 117 4 148 310 404 41 311 241 187 148 398 211 330 65 119 487 
Store_17 212 179 482 367 226 499 477 176 90 217 231 172 465 182 251 143 326 0 492 183 364 102 381 494 214 281 471 102 486 208 189 130 412 214 213 487 9 487 10 433 202 90 118 64 49 93 212 156 412 446 112 207 430 106 88 55 235 427 443 420 
Store_18 210 29 256 257 33 195 128 465 341 403 376 269 42 321 244 156 363 492 0 275 464 321 138 200 339 3 242 27 135 398 444 486 378 159 495 110 123 173 334 383 264 90 474 157 53 62 495 209 155 133 407 270 468 90 475 437 389 135 32 315 
Store_19 477 218 328 409 288 59 296 164 264 1 282 86 452 201 81 136 273 183 275 0 261 453 320 39 276 426 346 65 164 465 87 418 261 467 475 174 474 131 266 344 361 420 376 132 471 494 8 491 333 80 48 411 451 62 261 113 339 193 232 212 
Store_20 150 100 325 341 224 72 284 168 346 435 135 229 203 458 264 280 302 364 464 261 0 325 362 220 362 359 9 370 16 216 101 145 93 242 290 85 228 485 245 287 148 330 137 235 10 46 68 488 256 410 53 381 137 380 153 457 57 411 235 20 
Store_21 428 440 302 35 264 418 402 329 420 8 390 171 399 278 310 362 481 102 321 453 325 0 75 110 294 411 332 285 258 159 265 448 392 130 376 349 302 487 476 92 16 485 223 61 70 217 81 19 257 65 334 352 261 151 412 220 370 77 364 212 
Store_22 132 236 226 238 278 50 442 458 274 293 203 154 46 110 57 386 487 381 138 320 362 75 0 437 336 22 32 44 425 21 306 351 451 479 119 301 498 239 103 494 425 323 222 171 364 36 168 248 87 102 104 406 158 5 307 12 390 179 313 445 
Store_23 243 392 240 420 125 239 396 427 223 164 114 262 376 370 436 179 447 494 200 39 220 110 437 0 408 215 383 456 258 277 185 278 167 37 245 241 376 252 142 473 262 221 76 86 268 376 104 416 399 423 79 79 318 190 206 263 310 230 295 398 
Store_24 59 109 120 485 323 456 230 248 270 234 256 205 362 112 497 176 307 214 339 276 362 294 336 408 0 78 182 191 70 228 303 271 315 474 51 317 453 4 7 67 477 303 26 140 131 92 37 23 225 224 469 480 228 95 262 303 39 385 296 131 
Store_25 64 419 460 201 479 53 22 335 236 97 419 345 27 447 151 34 444 281 3 426 359 411 22 215 78 0 473 470 176 85 454 250 239 6 453 275 369 391 154 72 153 211 229 174 245 292 142 446 25 144 482 23 213 9 222 436 250 392 93 158 
Store_26 33 108 136 9 157 375 265 44 494 379 100 409 428 237 216 227 15 471 242 346 9 332 32 383 182 473 0 37 491 497 271 227 82 227 366 363 80 305 253 303 396 418 430 446 452 85 169 51 367 172 11 75 58 211 63 499 43 450 250 303 
Store_27 11 194 157 38 212 365 408 67 452 490 184 300 334 145 494 61 424 102 27 65 370 285 44 456 191 470 37 0 188 74 180 435 105 403 180 21 327 318 130 106 499 487 140 409 313 474 60 373 485 302 330 35 13 279 15 66 60 310 475 66 
Store_28 350 74 84 58 7 172 93 475 495 16 227 380 355 111 484 477 99 486 135 164 16 258 425 258 70 176 491 188 0 210 292 169 380 55 238 185 280 271 398 142 452 373 37 486 353 462 363 45 243 322 456 92 120 416 225 125 49 211 442 384 
Store_29 128 78 256 216 111 10 86 189 62 301 429 224 411 79 130 322 346 208 398 465 216 159 21 277 228 85 497 74 210 0 65 83 43 299 100 470 364 454 315 400 435 400 317 267 388 416 166 369 304 175 187 481 426 239 233 416 372 10 206 493 
Store_30 423 284 315 376 417 60 9 110 229 491 408 37 355 76 479 442 199 189 444 87 101 265 306 185 303 454 271 180 292 65 0 210 190 451 435 401 145 489 477 499 240 452 187 321 486 488 134 27 489 390 369 25 297 449 349 220 223 457 14 330 
Store_31 486 232 259 308 64 170 429 136 116 420 67 260 47 405 307 11 13 130 486 418 145 448 351 278 271 250 227 435 169 83 210 0 49 26 439 136 470 114 199 91 115 146 489 201 306 374 252 273 109 219 185 325 170 349 30 130 258 481 454 97 
Store_32 441 105 183 16 51 95 406 361 398 39 165 49 40 317 25 318 190 412 378 261 93 392 451 167 315 239 82 105 380 43 190 49 0 344 242 269 344 341 299 476 196 398 340 57 46 162 12 80 80 359 302 344 347 54 128 179 348 332 85 84 
Store_33 221 73 17 167 21 447 225 194 99 317 361 120 408 126 308 236 66 214 159 467 242 130 479 37 474 6 227 403 55 299 451 26 344 0 108 464 409 91 15 112 133 83 474 102 310 286 483 429 330 420 88 216 297 473 12 457 357 481 280 255 
Store_34 189 158 346 25 22 372 369 371 391 312 106 33 488 218 17 91 363 213 495 475 290 376 119 245 51 453 366 180 238 100 435 439 242 108 0 243 463 393 153 278 73 409 37 497 410 401 51 9 310 463 38 407 28 197 296 90 480 320 122 104 
Store_35 466 299 127 186 86 150 405 407 422 207 338 355 338 166 295 129 112 487 110 174 85 349 301 241 317 275 363 21 185 470 401 136 269 464 243 0 433 188 9 165 68 299 389 178 79 163 55 150 328 332 155 260 390 61 295 243 120 156 226 251 
Store_36 275 32 346 116 228 96 11 225 105 194 290 261 300 300 27 471 91 9 123 474 228 302 498 376 453 369 80 327 280 364 145 470 344 409 463 433 0 12 63 142 293 295 301 409 375 423 170 31 266 110 104 38 10 336 122 423 338 114 383 270 
Store_37 18 251 350 203 421 465 343 331 346 411 199 129 467 423 48 405 21 487 173 131 485 487 239 252 4 391 305 318 271 454 489 114 341 91 393 188 12 0 168 53 105 313 33 249 449 190 218 194 360 107 415 63 258 68 153 179 6 230 46 473 
Store_38 393 172 153 231 419 71 415 6 127 484 36 5 483 320 323 183 189 10 334 266 245 476 103 142 7 154 253 130 398 315 477 199 299 15 153 9 63 168 0 413 198 234 20 92 38 146 440 483 176 461 161 42 177 162 279 400 410 482 323 383 
Store_39 356 360 435 207 268 32 127 166 44 259 422 127 254 278 484 77 27 433 383 344 287 92 494 473 67 72 303 106 142 400 499 91 476 112 278 165 142 53 413 0 8 385 425 478 377 230 490 121 221 65 239 417 478 257 445 86 109 488 201 491 
Store_40 427 306 103 128 53 394 234 135 223 472 123 221 314 186 204 179 26 202 264 361 148 16 425 262 477 153 396 499 452 435 240 115 196 133 73 68 293 105 198 8 0 392 51 283 54 137 149 408 363 166 426 367 441 367 402 186 410 22 490 445 
Store_41 110 209 353 321 481 220 308 344 352 490 174 36 222 473 405 429 88 90 90 420 330 485 323 221 303 211 418 487 373 400 452 146 398 83 409 299 295 313 234 385 392 0 224 66 146 423 402 424 404 206 388 97 217 317 126 352 189 447 30 88 
Store_42 244 75 417 244 169 375 195 262 155 144 430 432 464 250 268 283 93 118 474 376 137 223 222 76 26 229 430 140 37 317 187 489 340 474 37 389 301 33 20 425 51 224 0 334 312 225 409 48 369 299 300 433 221 158 255 310 69 95 124 197 
Store_43 398 104 115 392 193 47 310 67 323 486 123 140 142 324 74 229 338 64 157 132 235 61 171 86 140 174 446 409 486 267 321 201 57 102 497 178 409 249 92 478 283 66 334 0 83 385 184 81 267 311 180 129 490 478 67 128 328 19 41 10 
Store_44 350 323 113 100 334 272 443 304 421 272 456 156 305 48 81 201 117 49 53 471 10 70 364 268 131 245 452 313 353 388 486 306 46 310 410 79 375 449 38 377 54 146 312 83 0 166 185 353 152 128 497 475 436 84 239 409 37 235 491 1 
Store_45 204 416 63 68 318 344 217 127 415 238 329 162 220 234 290 374 4 93 62 494 46 217 36 376 92 292 85 474 462 416 488 374 162 286 401 163 423 190 146 230 137 423 225 385 166 0 172 6 375 32 339 81 364 118 475 389 382 318 425 297 
Store_46 262 456 141 351 102 265 484 63 164 261 367 193 492 83 125 59 148 212 495 8 68 81 168 104 37 142 169 60 363 166 134 252 12 483 51 55 170 218 440 490 149 402 409 184 185 172 0 161 384 440 415 118 388 43 322 101 164 259 356 190 
Store_47 249 479 158 297 90 40 391 108 202 240 99 260 267 339 171 438 310 156 209 491 488 19 248 416 23 446 51 373 45 369 27 273 80 429 9 150 31 194 483 121 408 424 48 81 353 6 161 0 399 423 372 11 469 153 10 91 351 369 391 327 
Store_48 22 304 147 152 335 173 134 25 113 169 195 127 111 63 21 253 404 412 155 333 256 257 87 399 225 25 367 485 243 304 489 109 80 330 310 328 266 360 176 221 363 404 369 267 152 375 384 399 0 268 489 238 26 269 300 457 207 215 480 380 
Store_49 411 99 130 309 396 126 32 479 144 441 74 351 115 86 313 402 41 446 133 80 410 65 102 423 224 144 172 302 322 175 390 219 359 420 463 332 110 107 461 65 166 206 299 311 128 32 440 423 268 0 483 32 44 284 112 470 433 195 481 344 
Location_0 177 92 365 465 417 492 430 65 437 160 499 138 250 116 477 451 311 112 407 48 53 334 104 79 469 482 11 330 456 187 369 185 302 88 38 155 104 415 161 239 426 388 300 180 497 339 415 372 489 483 0 299 229 220 216 80 322 457 74 458 
Location_1 47 173 379 121 278 382 178 151 489 139 308 472 480 471 176 378 241 207 270 411 381 352 406 79 480 23 75 35 92 481 25 325 344 216 407 260 38 63 42 417 367 97 433 129 475 81 118 11 238 32 299 0 389 175 46 182 281 89 443 299 
Location_2 387 248 424 189 396 204 84 30 233 226 446 162 121 465 54 370 187 430 468 451 137 261 158 318 228 213 58 13 120 426 297 170 347 297 28 390 10 258 177 478 441 217 221 490 436 364 388 469 26 44 229 389 0 152 342 61 303 329 495 371 
Location_3 107 83 309 275 170 366 276 9 152 226 474 39 148 161 490 367 148 106 90 62 380 151 5 190 95 9 211 279 416 239 449 349 54 473 197 61 336 68 162 257 367 317 158 478 84 118 43 153 269 284 220 175 152 0 464 378 199 422 314 296 
Location_4 73 111 274 75 182 11 484 404 62 116 161 162 99 85 397 294 398 88 475 261 153 412 307 206 262 222 63 15 225 233 349 30 128 12 296 295 122 153 279 445 402 126 255 67 239 475 322 10 300 112 216 46 342 464 0 392 190 142 249 80 
Location_5 63 91 204 484 300 176 67 418 195 494 24 95 11 170 365 38 211 55 437 113 457 220 12 263 303 436 499 66 125 416 220 130 179 457 90 243 423 179 400 86 186 352 310 128 409 389 101 91 457 470 80 182 61 378 392 0 223 47 459 67 
Location_6 235 90 381 469 425 98 399 318 313 339 298 59 177 139 104 172 330 235 389 339 57 370 390 310 39 250 43 60 49 372 223 258 348 357 480 120 338 6 410 109 410 189 69 328 37 382 164 351 207 433 322 281 303 199 190 223 0 417 428 332 
Location_7 29 278 207 457 380 381 114 348 216 219 95 124 468 24 229 240 65 427 135 193 411 77 179 230 385 392 450 310 211 10 457 481 332 481 320 156 114 230 482 488 22 447 95 19 235 318 259 369 215 195 457 89 329 422 142 47 417 0 241 108 
Location_8 38 275 457 119 55 275 467 290 221 488 185 293 496 385 56 479 119 443 32 232 235 364 313 295 296 93 250 475 442 206 14 454 85 280 122 226 383 46 323 201 490 30 124 41 491 425 356 391 480 481 74 443 495 314 249 459 428 241 0 55 
Location_9 109 292 105 60 389 72 152 489 481 244 92 456 384 59 289 228 487 420 315 212 20 212 445 398 131 158 303 66 384 493 330 97 84 255 104 251 270 473 383 491 445 88 197 10 1 297 190 327 380 344 458 299 371 296 80 67 332 108 55 0 
