Sobeys			0 624 1148 433 1831 280 
Drugs			624 0 1060 1814 1459 650 
Land			1148 1060 0 441 1047 230 
ABCLAND			433 1814 441 0 1274 834 
ADGSLLAND			1831 1459 1047 1274 0 1090 
REWTLAND			280 650 230 834 1090 0 
