Store_0 0 673 242 95 867 729 399 729 283 223 867 375 54 489 65 144 546 5 493 582 606 194 586 606 960 792 128 457 863 982 54 39 381 654 993 438 453 187 741 725 178 651 827 927 921 344 364 83 701 2 592 626 994 627 796 448 305 530 711 697 557 963 449 908 826 463 682 323 792 548 649 381 554 153 732 702 547 528 325 437 470 737 88 154 239 730 766 548 593 598 485 58 341 463 130 93 905 997 472 622 487 615 91 681 204 787 32 934 862 82
Store_1 673 0 788 68 615 2 53 398 485 637 911 355 151 367 291 699 821 50 276 140 537 698 553 748 411 316 771 902 221 639 78 869 442 566 975 276 543 542 512 487 951 549 66 323 434 153 393 78 367 437 660 726 592 732 802 1 15 678 171 507 131 96 89 553 725 936 973 971 38 397 149 466 425 591 142 878 153 128 285 611 363 102 821 511 320 233 366 899 954 603 128 25 815 257 480 214 168 715 523 393 965 627 224 631 768 298 916 37 258 499
Store_2 242 788 0 758 176 195 716 69 143 62 645 649 899 574 44 6 663 365 340 319 889 669 511 796 411 148 581 372 411 105 727 778 569 561 987 291 515 391 90 906 594 210 824 353 500 433 982 568 815 7 694 314 656 544 130 514 59 420 876 741 674 303 917 969 787 368 580 685 770 338 307 5 948 578 591 952 43 18 475 676 191 657 982 503 41 473 56 169 405 681 912 236 55 848 685 697 850 179 567 772 789 712 264 682 184 81 833 464 749 131
Store_3 95 68 758 0 264 168 571 419 124 710 803 961 616 435 217 529 70 896 988 895 776 713 434 663 405 37 544 52 100 999 606 317 82 568 733 100 599 692 723 854 523 916 173 823 551 164 673 70 782 399 889 392 229 628 200 568 348 884 771 666 28 493 283 626 967 678 658 806 301 560 991 620 667 80 309 15 988 643 134 168 830 253 884 257 740 136 207 903 724 871 280 347 617 602 925 673 341 103 297 345 66 577 424 715 563 687 790 480 505 481
Store_4 867 615 176 264 0 287 987 629 259 432 197 757 75 667 214 419 114 756 566 230 530 100 155 654 607 374 264 427 875 863 275 101 697 612 917 909 33 613 848 82 999 783 143 377 450 961 538 838 514 132 511 748 359 313 43 90 187 338 556 544 34 72 550 264 869 202 880 516 898 353 661 523 828 455 906 398 105 975 335 971 593 146 142 835 86 273 11 552 921 7 792 60 876 159 518 707 190 103 904 735 200 845 109 946 293 946 461 359 956 433
Store_5 729 2 195 168 287 0 488 70 477 852 232 860 25 467 892 966 955 267 475 932 728 514 714 610 449 680 826 716 967 156 94 72 851 255 142 841 877 248 163 250 982 676 315 574 652 33 359 565 279 777 780 64 377 204 876 307 164 621 719 432 466 139 253 96 105 442 177 907 540 715 897 618 895 395 732 764 783 265 345 110 843 38 375 589 983 396 322 350 803 445 297 410 272 760 728 547 762 405 322 665 665 900 79 844 99 215 159 659 978 255
Store_6 399 53 716 571 987 488 0 97 590 829 893 517 707 332 8 720 912 205 418 381 343 93 410 261 160 10 52 494 266 763 286 115 140 957 928 970 156 221 135 167 216 818 347 920 584 34 936 912 217 37 183 923 595 5 947 441 127 559 353 535 410 27 14 685 557 759 468 904 389 565 956 676 570 379 462 37 948 460 78 540 552 715 457 311 184 694 834 417 598 585 218 533 628 564 132 403 217 392 960 162 815 624 830 712 763 979 826 402 454 363
Store_7 729 398 69 419 629 70 97 0 55 712 631 799 228 882 369 182 183 720 938 436 837 716 352 184 579 872 340 488 295 230 507 599 139 689 762 63 912 410 194 377 230 327 692 550 136 174 728 503 701 454 156 688 561 742 135 713 437 403 449 977 530 999 250 159 879 711 713 718 66 829 242 483 61 344 878 417 43 984 960 736 32 297 689 271 975 8 689 837 799 400 961 964 53 188 285 971 367 898 157 61 236 507 217 52 916 361 857 809 668 651
Store_8 283 485 143 124 259 477 590 55 0 887 851 982 417 806 332 469 780 558 310 40 762 843 975 588 284 257 117 472 411 88 105 733 496 305 747 834 453 415 75 286 673 221 343 84 529 45 770 322 885 956 30 410 886 860 126 837 886 403 576 813 459 497 316 611 87 565 983 402 199 128 798 883 482 189 805 264 413 294 198 562 284 103 434 479 838 551 255 516 502 797 303 640 292 598 253 639 585 153 644 190 211 287 708 680 596 980 25 692 268 612
Store_9 223 637 62 710 432 852 829 712 887 0 751 187 289 380 345 178 158 173 659 467 899 109 522 198 307 663 450 323 637 678 859 571 296 811 904 531 315 24 284 834 996 712 155 898 115 602 288 251 809 925 522 438 786 449 47 819 285 299 790 814 95 325 539 404 426 511 983 571 531 209 57 420 727 557 58 306 664 433 826 31 908 789 341 519 588 704 231 908 745 173 158 145 667 529 845 340 38 892 350 873 827 683 49 942 275 689 539 390 47 929
Store_10 867 911 645 803 197 232 893 631 851 751 0 651 497 733 433 959 688 163 237 818 669 999 13 580 777 523 156 449 198 127 819 988 868 470 18 58 290 986 351 791 268 771 214 814 344 532 900 727 112 154 382 856 143 471 357 608 773 750 946 131 792 562 778 711 321 778 83 470 964 935 322 904 800 525 711 775 331 461 941 503 886 998 161 763 834 276 32 952 403 843 298 734 937 29 592 417 248 745 863 129 841 377 310 836 513 209 789 93 677 581
Store_11 375 355 649 961 757 860 517 799 982 187 651 0 258 702 110 165 349 333 393 798 72 753 266 774 893 737 826 187 644 871 139 648 996 591 333 551 7 818 340 843 686 802 579 743 278 434 203 608 356 205 287 361 56 823 678 696 838 83 971 478 770 893 573 759 226 426 898 750 731 330 835 424 964 67 24 83 507 275 303 709 586 401 817 487 510 251 418 900 311 575 522 997 130 342 122 454 309 661 592 847 12 347 50 825 598 296 627 526 310 700
Store_12 54 151 899 616 75 25 707 228 417 289 497 258 0 75 775 730 132 568 384 259 251 217 728 465 838 162 562 587 522 494 752 570 941 699 539 761 978 465 474 803 568 902 360 382 580 401 261 891 177 57 733 430 258 849 579 2 149 242 471 919 415 381 340 730 430 130 926 386 399 319 665 504 267 388 391 984 30 957 287 449 781 644 300 704 70 679 431 380 780 610 257 996 572 474 196 829 160 31 636 334 16 645 797 473 961 86 574 954 350 672
Store_13 489 367 574 435 667 467 332 882 806 380 733 702 75 0 748 878 691 397 224 608 148 425 905 585 281 395 303 608 279 98 726 274 484 744 297 174 691 193 944 742 257 40 653 61 607 715 810 937 14 919 32 371 90 51 549 670 504 239 325 729 383 623 456 4 908 116 962 952 721 197 215 715 438 216 879 904 269 44 934 782 347 390 335 267 383 731 955 862 737 733 675 240 820 358 693 748 148 577 779 241 583 120 426 856 969 948 867 92 670 566
Store_14 65 291 44 217 214 892 8 369 332 345 433 110 775 748 0 789 878 446 603 342 330 930 836 250 146 867 309 552 118 972 368 709 845 657 989 867 709 329 304 901 618 910 294 922 135 498 537 570 253 290 497 115 19 561 827 664 698 757 476 999 247 91 18 365 308 176 608 727 573 866 437 396 387 153 49 421 484 988 525 520 415 591 521 176 975 736 727 641 373 577 803 844 351 22 483 390 695 139 586 593 427 192 902 307 413 232 248 911 116 263
Store_15 144 699 6 529 419 966 720 182 469 178 959 165 730 878 789 0 543 534 88 633 502 142 555 955 951 361 180 435 689 826 319 594 139 60 21 207 942 860 179 51 662 412 843 23 532 270 287 814 746 568 950 473 374 888 31 220 709 146 690 120 990 102 348 119 284 159 85 597 474 771 164 295 359 367 632 325 629 602 982 732 50 505 381 587 369 841 43 489 918 164 698 174 887 948 452 552 375 311 346 905 542 568 586 674 460 286 419 480 892 732
Store_16 546 821 663 70 114 955 912 183 780 158 688 349 132 691 878 543 0 762 442 156 46 676 723 935 672 102 884 941 349 637 16 600 399 685 235 853 309 62 329 585 664 872 688 932 623 401 449 381 602 526 98 749 20 773 796 724 990 51 475 588 718 477 459 498 390 142 709 491 383 778 495 279 95 955 383 268 598 911 921 542 715 496 487 8 820 481 116 957 421 893 398 222 473 322 522 752 653 670 793 600 773 588 140 462 298 974 172 413 920 665
Store_17 5 50 365 896 756 267 205 720 558 173 163 333 568 397 446 534 762 0 847 52 280 520 963 281 634 928 960 72 978 865 103 655 796 879 80 537 152 797 922 787 86 962 697 584 329 246 882 805 911 491 503 626 457 774 676 466 725 527 585 412 517 713 492 221 439 738 243 489 416 349 876 845 204 378 397 758 216 358 959 471 480 121 927 481 711 916 630 728 527 300 925 924 516 779 954 161 141 699 543 715 396 167 484 11 490 109 901 24 943 806
Store_18 493 276 340 988 566 475 418 938 310 659 237 393 384 224 603 88 442 847 0 221 748 931 570 749 866 396 924 929 206 243 234 404 346 619 890 968 750 258 534 472 345 208 221 972 576 186 628 410 123 540 899 445 245 234 654 835 99 503 96 845 62 392 244 138 658 105 483 151 210 955 963 648 755 993 950 352 394 827 775 189 22 108 913 97 442 77 339 174 580 831 736 911 359 107 656 712 52 804 355 215 41 168 402 40 801 957 733 257 991 924
Store_19 582 140 319 895 230 932 381 436 40 467 818 798 259 608 342 633 156 52 221 0 89 124 91 924 819 195 60 669 504 157 528 260 573 161 283 561 308 631 994 258 117 201 433 835 610 702 135 74 436 547 76 560 208 264 199 956 557 382 243 246 272 93 603 2 168 911 627 316 76 466 839 440 547 320 244 797 891 137 932 537 940 668 459 441 430 136 142 414 975 667 491 395 178 686 803 771 740 892 941 567 388 833 504 171 340 231 623 763 205 146
Store_20 606 537 889 776 530 728 343 837 762 899 669 72 251 148 330 502 46 280 748 89 0 612 480 186 593 661 329 325 429 743 841 490 318 4 378 903 44 388 256 559 599 870 253 203 199 288 526 508 504 353 689 442 210 220 994 773 144 110 592 526 193 541 35 12 843 878 467 700 209 499 800 646 272 199 158 92 662 165 463 146 499 687 244 831 714 358 691 188 269 685 134 850 568 135 419 384 425 334 108 816 803 694 213 700 698 267 621 103 170 91
Store_21 194 698 669 713 100 514 93 716 843 109 999 753 217 425 930 142 676 520 931 124 612 0 361 431 443 623 231 149 334 407 579 772 894 177 186 891 408 39 581 289 306 39 913 887 910 860 225 95 762 868 936 698 228 783 892 568 79 513 384 727 987 524 195 592 127 815 324 790 200 844 257 922 908 754 400 211 37 195 538 88 104 288 915 191 772 360 93 674 344 856 252 282 312 822 767 589 162 237 794 44 551 919 874 556 917 979 104 232 801 571
Store_22 586 553 511 434 155 714 410 352 975 522 13 266 728 905 836 555 723 963 570 91 480 361 0 904 791 263 239 608 3 567 763 329 736 764 407 227 686 755 21 482 92 450 986 145 794 125 981 872 902 486 291 290 664 81 811 655 950 41 68 723 518 38 141 896 107 336 460 165 409 929 719 929 335 537 882 516 582 756 211 4 924 293 840 196 385 51 815 871 921 374 470 672 74 733 195 115 625 959 39 189 340 802 446 507 587 284 929 521 557 376
Store_23 606 748 796 663 654 610 261 184 588 198 580 774 465 585 250 955 935 281 749 924 186 431 904 0 666 673 696 311 422 716 650 236 529 411 145 699 141 123 971 404 200 12 170 349 244 637 275 174 119 872 874 231 622 867 38 169 936 974 616 240 256 616 836 197 839 277 532 681 223 336 173 864 104 800 626 507 239 633 916 600 652 318 45 316 389 648 379 945 1 788 396 842 471 778 783 786 396 860 664 307 43 50 633 14 182 841 895 275 813 526
Store_24 960 411 411 405 607 449 160 579 284 307 777 893 838 281 146 951 672 634 866 819 593 443 791 666 0 564 843 69 112 692 320 49 458 182 321 688 870 175 310 58 831 912 290 240 807 33 627 131 538 284 67 469 334 221 239 863 351 727 483 322 283 838 674 321 327 89 965 396 807 70 447 320 773 417 772 230 614 489 413 413 628 783 816 909 814 611 198 597 322 704 374 968 373 948 809 531 810 81 675 674 709 257 881 714 755 784 426 551 840 776
Store_25 792 316 148 37 374 680 10 872 257 663 523 737 162 395 867 361 102 928 396 195 661 623 263 673 564 0 472 312 936 107 121 832 251 625 270 389 495 843 106 456 952 375 200 124 852 86 920 472 93 583 749 875 527 525 90 853 786 421 754 233 50 23 97 593 225 558 509 319 313 858 563 69 220 866 803 740 400 484 798 615 273 489 909 273 190 823 964 358 631 83 803 117 890 381 574 385 812 111 653 548 292 697 542 589 651 787 162 387 888 494
Store_26 128 771 581 544 264 826 52 340 117 450 156 826 562 303 309 180 884 960 924 60 329 231 239 696 843 472 0 469 142 446 150 874 149 922 228 903 880 16 454 303 413 946 630 656 362 606 434 190 791 78 500 720 868 603 270 770 238 978 78 411 752 415 209 124 997 994 282 740 239 694 19 540 245 55 807 553 942 561 848 593 589 747 647 692 200 538 642 141 327 565 976 173 746 527 137 441 796 460 186 666 437 336 680 371 548 793 931 545 111 241
Store_27 457 902 372 52 427 716 494 488 472 323 449 187 587 608 552 435 941 72 929 669 325 149 608 311 69 312 469 0 773 563 183 322 44 909 383 162 483 944 418 542 394 770 256 724 807 790 361 456 264 886 650 788 933 405 412 155 290 28 237 221 180 153 678 995 654 153 317 122 561 854 574 963 681 362 782 970 382 34 836 429 607 771 736 684 588 858 423 636 409 444 397 430 690 652 452 133 806 173 183 971 796 644 552 862 264 928 401 314 826 459
Store_28 863 221 411 100 875 967 266 295 411 637 198 644 522 279 118 689 349 978 206 504 429 334 3 422 112 936 142 773 0 787 687 632 283 226 632 575 279 301 670 654 702 684 643 77 291 805 673 368 417 536 993 279 964 443 913 416 819 116 763 481 530 685 511 726 333 290 159 610 1 288 136 310 635 612 796 936 173 699 181 99 108 172 52 284 779 653 88 88 622 221 403 666 923 135 919 59 141 459 116 573 160 396 956 375 231 600 600 361 182 538
Store_29 982 639 105 999 863 156 763 230 88 678 127 871 494 98 972 826 637 865 243 157 743 407 567 716 692 107 446 563 787 0 887 284 946 710 386 345 665 767 651 642 288 476 436 781 524 657 348 603 481 877 137 616 564 690 496 372 741 707 71 250 652 796 768 853 41 275 193 67 339 64 509 647 174 752 908 164 303 637 825 826 254 358 663 634 877 15 855 248 878 609 398 244 888 731 659 346 18 478 552 105 444 932 977 915 765 460 488 994 571 86
Store_30 54 78 727 606 275 94 286 507 105 859 819 139 752 726 368 319 16 103 234 528 841 579 763 650 320 121 150 183 687 887 0 345 369 377 641 612 701 492 700 592 657 740 412 879 367 471 98 513 795 242 286 699 615 857 493 651 576 23 327 231 251 109 185 166 705 533 899 925 74 850 653 463 597 92 371 597 874 360 636 128 588 179 280 836 605 437 259 427 330 551 390 533 859 102 468 1 386 988 573 700 321 612 670 129 951 944 316 450 165 248
Store_31 39 869 778 317 101 72 115 599 733 571 988 648 570 274 709 594 600 655 404 260 490 772 329 236 49 832 874 322 632 284 345 0 872 199 681 464 171 537 404 976 846 551 568 269 467 72 460 525 64 759 517 708 197 815 366 287 384 654 439 521 325 671 391 867 377 916 379 272 564 973 812 420 925 916 319 312 681 642 807 616 345 393 286 908 688 434 716 232 940 659 896 652 890 76 133 642 497 377 574 638 588 882 383 803 457 611 298 280 377 272
Store_32 381 442 569 82 697 851 140 139 496 296 868 996 941 484 845 139 399 796 346 573 318 894 736 529 458 251 149 44 283 946 369 872 0 345 971 716 205 95 540 309 248 635 730 682 524 76 670 365 832 990 920 420 949 575 682 159 524 868 654 865 427 59 898 615 261 418 802 119 262 214 330 716 62 535 306 990 699 936 50 614 708 901 793 681 297 699 772 981 344 149 301 275 525 579 719 66 151 658 885 692 644 766 596 59 250 405 63 461 242 740
Store_33 654 566 561 568 612 255 957 689 305 811 470 591 699 744 657 60 685 879 619 161 4 177 764 411 182 625 922 909 226 710 377 199 345 0 836 944 899 25 943 999 361 127 600 369 654 643 795 773 9 901 76 349 221 446 934 418 579 910 502 355 235 772 855 474 819 219 660 101 811 508 510 307 149 106 601 434 711 812 564 620 517 807 389 332 534 539 650 353 101 952 74 319 347 700 665 701 134 682 968 518 168 425 391 78 78 3 33 302 525 945
Store_34 993 975 987 733 917 142 928 762 747 904 18 333 539 297 989 21 235 80 890 283 378 186 407 145 321 270 228 383 632 386 641 681 971 836 0 693 45 78 266 699 767 576 195 783 839 433 187 228 594 916 314 902 7 811 891 290 402 443 544 472 572 349 847 247 839 543 741 826 416 317 442 457 961 183 765 867 470 191 452 685 343 466 777 362 841 366 760 558 440 508 602 784 250 215 147 581 200 995 712 505 452 527 274 779 416 949 346 818 984 637
Store_35 438 276 291 100 909 841 970 63 834 531 58 551 761 174 867 207 853 537 968 561 903 891 227 699 688 389 903 162 575 345 612 464 716 944 693 0 938 518 334 487 109 530 316 575 243 872 87 308 85 504 628 992 448 78 832 427 693 560 891 161 528 665 69 613 25 792 411 261 680 244 420 246 279 388 768 321 171 541 767 40 664 32 941 482 358 502 808 773 580 694 138 228 751 451 589 629 376 599 90 569 811 732 354 49 323 610 480 797 458 896
Store_36 453 543 515 599 33 877 156 912 453 315 290 7 978 691 709 942 309 152 750 308 44 408 686 141 870 495 880 483 279 665 701 171 205 899 45 938 0 55 514 318 852 927 495 874 318 476 616 486 527 867 881 414 194 783 8 648 529 98 549 588 195 843 139 8 220 254 390 802 710 519 990 207 257 388 320 18 995 196 77 840 946 83 343 352 706 301 89 340 896 293 269 175 26 845 731 752 635 590 610 16 14 516 668 406 378 216 276 768 111 83
Store_37 187 542 391 692 613 248 221 410 415 24 986 818 465 193 329 860 62 797 258 631 388 39 755 123 175 843 16 944 301 767 492 537 95 25 78 518 55 0 83 452 807 972 547 598 229 979 400 957 112 427 312 671 994 480 680 469 213 181 710 767 411 247 169 923 360 602 973 602 787 517 704 527 806 334 622 314 543 305 881 648 43 633 352 276 698 898 323 47 270 385 625 774 299 313 435 65 41 402 609 218 488 855 675 505 954 3 875 682 625 574
Store_38 741 512 90 723 848 163 135 194 75 284 351 340 474 944 304 179 329 922 534 994 256 581 21 971 310 106 454 418 670 651 700 404 540 943 266 334 514 83 0 504 82 56 273 592 722 843 670 916 292 796 773 725 831 560 675 27 33 16 711 708 933 743 466 460 165 668 647 925 391 928 889 953 612 96 955 746 846 156 956 253 451 201 925 671 448 746 415 831 182 328 313 632 188 353 221 61 76 479 756 961 583 80 329 417 97 514 990 420 437 585
Store_39 725 487 906 854 82 250 167 377 286 834 791 843 803 742 901 51 585 787 472 258 559 289 482 404 58 456 303 542 654 642 592 976 309 999 699 487 318 452 504 0 746 186 969 873 153 153 19 863 892 487 940 464 874 931 16 245 931 57 191 341 663 186 839 741 67 310 25 987 543 533 337 582 789 297 145 793 621 751 58 764 290 22 485 934 201 743 407 529 929 425 382 676 933 631 806 190 952 802 17 39 930 388 256 202 414 68 766 533 526 156
Store_40 178 951 594 523 999 982 216 230 673 996 268 686 568 257 618 662 664 86 345 117 599 306 92 200 831 952 413 394 702 288 657 846 248 361 767 109 852 807 82 746 0 661 627 939 249 181 594 516 357 114 325 2 146 372 520 353 539 112 70 170 713 619 486 231 633 164 146 621 324 308 869 265 12 601 313 353 97 235 836 176 96 811 104 214 593 756 746 296 383 487 265 820 85 604 92 710 171 481 230 199 489 850 368 219 858 949 617 201 374 590
Store_41 651 549 210 916 783 676 818 327 221 712 771 802 902 40 910 412 872 962 208 201 870 39 450 12 912 375 946 770 684 476 740 551 635 127 576 530 927 972 56 186 661 0 90 193 617 639 368 378 145 708 22 519 653 490 103 992 962 454 386 995 536 590 892 424 366 972 283 820 29 461 879 386 506 935 211 320 601 818 400 807 679 522 113 497 222 996 429 593 987 316 164 802 212 444 459 620 752 399 271 942 560 494 356 203 953 20 716 905 784 272
Store_42 827 66 824 173 143 315 347 692 343 155 214 579 360 653 294 843 688 697 221 433 253 913 986 170 290 200 630 256 643 436 412 568 730 600 195 316 495 547 273 969 627 90 0 481 590 221 215 463 191 88 855 788 275 228 731 992 546 102 44 416 4 720 18 334 417 857 840 13 776 921 269 388 631 414 136 956 437 566 123 617 194 114 621 391 828 89 126 89 609 291 300 860 281 158 222 233 193 741 495 337 110 337 428 672 733 58 834 554 203 193
Store_43 927 323 353 823 377 574 920 550 84 898 814 743 382 61 922 23 932 584 972 835 203 887 145 349 240 124 656 724 77 781 879 269 682 369 783 575 874 598 592 873 939 193 481 0 743 134 339 264 115 336 82 725 220 950 556 51 202 138 501 817 220 434 181 835 94 904 456 462 36 454 944 821 797 579 229 323 510 788 352 747 400 746 985 156 299 922 812 290 956 775 396 512 660 94 150 228 817 562 415 872 266 824 220 493 583 674 109 407 562 880
Store_44 921 434 500 551 450 652 584 136 529 115 344 278 580 607 135 532 623 329 576 610 199 910 794 244 807 852 362 807 291 524 367 467 524 654 839 243 318 229 722 153 249 617 590 743 0 898 311 22 697 644 534 34 84 614 970 108 177 393 526 636 304 741 267 399 281 474 321 263 995 757 370 208 836 123 196 885 933 446 625 450 389 966 900 706 57 527 684 949 762 529 273 5 388 4 116 74 955 74 654 461 986 653 765 881 301 659 317 257 213 287
Store_45 344 153 433 164 961 33 34 174 45 602 532 434 401 715 498 270 401 246 186 702 288 860 125 637 33 86 606 790 805 657 471 72 76 643 433 872 476 979 843 153 181 639 221 134 898 0 391 121 123 381 751 977 870 255 479 616 714 791 663 552 691 429 993 3 942 162 356 657 590 699 861 382 5 327 953 474 637 964 62 847 611 35 243 512 457 886 816 601 892 41 819 165 170 934 301 943 105 309 436 189 793 683 696 564 6 875 710 790 107 72
Store_46 364 393 982 673 538 359 936 728 770 288 900 203 261 810 537 287 449 882 628 135 526 225 981 275 627 920 434 361 673 348 98 460 670 795 187 87 616 400 670 19 594 368 215 339 311 391 0 67 638 561 942 398 682 202 832 273 558 500 648 374 812 652 543 315 537 574 910 510 796 510 125 938 64 794 838 390 475 495 684 36 469 433 439 733 442 976 520 595 74 774 179 391 162 536 945 322 19 753 70 769 504 897 649 497 539 4 100 899 613 319
Store_47 83 78 568 70 838 565 912 503 322 251 727 608 891 937 570 814 381 805 410 74 508 95 872 174 131 472 190 456 368 603 513 525 365 773 228 308 486 957 916 863 516 378 463 264 22 121 67 0 247 826 479 322 744 795 154 935 29 94 849 703 10 2 411 495 503 762 911 610 416 39 657 849 68 749 456 812 945 717 599 535 260 117 390 911 538 986 243 116 224 977 196 642 335 5 596 902 21 812 759 336 756 273 718 208 120 225 227 696 688 220
Store_48 701 367 815 782 514 279 217 701 885 809 112 356 177 14 253 746 602 911 123 436 504 762 902 119 538 93 791 264 417 481 795 64 832 9 594 85 527 112 292 892 357 145 191 115 697 123 638 247 0 829 421 855 90 72 653 658 961 986 452 684 851 306 87 113 115 869 110 321 381 262 163 816 580 726 152 633 452 290 55 676 585 406 182 135 829 768 420 650 63 864 378 383 332 876 335 767 467 344 39 786 298 580 398 75 537 700 166 327 256 205
Store_49 2 437 7 399 132 777 37 454 956 925 154 205 57 919 290 568 526 491 540 547 353 868 486 872 284 583 78 886 536 877 242 759 990 901 916 504 867 427 796 487 114 708 88 336 644 381 561 826 829 0 121 738 103 632 318 469 98 3 478 27 477 992 533 78 794 795 910 23 135 936 994 108 730 640 925 142 297 862 49 897 807 36 5 964 674 332 730 772 659 47 720 230 412 442 141 258 687 136 994 57 653 661 584 152 410 568 331 367 754 618
Store_50 592 660 694 889 511 780 183 156 30 522 382 287 733 32 497 950 98 503 899 76 689 936 291 874 67 749 500 650 993 137 286 517 920 76 314 628 881 312 773 940 325 22 855 82 534 751 942 479 421 121 0 335 755 379 766 571 707 658 117 767 894 992 628 926 866 982 332 158 545 555 565 899 219 754 10 817 37 343 888 900 678 744 949 940 196 476 618 929 428 233 508 386 334 460 469 888 516 150 833 621 642 738 873 276 480 129 246 3 174 330
Store_51 626 726 314 392 748 64 923 688 410 438 856 361 430 371 115 473 749 626 445 560 442 698 290 231 469 875 720 788 279 616 699 708 420 349 902 992 414 671 725 464 2 519 788 725 34 977 398 322 855 738 335 0 86 867 264 859 721 886 62 764 760 690 656 109 383 847 567 350 226 276 530 656 507 175 277 115 915 507 159 773 200 611 518 122 968 943 471 216 245 147 539 815 984 616 773 593 742 532 297 700 367 774 940 387 524 821 344 611 548 972
Store_52 994 592 656 229 359 377 595 561 886 786 143 56 258 90 19 374 20 457 245 208 210 228 664 622 334 527 868 933 964 564 615 197 949 221 7 448 194 994 831 874 146 653 275 220 84 870 682 744 90 103 755 86 0 979 970 136 582 932 233 251 57 94 641 598 268 337 402 475 571 502 160 242 560 181 743 960 963 546 509 694 143 829 647 134 368 809 280 828 887 925 426 198 133 486 410 797 665 415 693 336 586 774 351 977 416 56 508 880 940 667
Store_53 627 732 544 628 313 204 5 742 860 449 471 823 849 51 561 888 773 774 234 264 220 783 81 867 221 525 603 405 443 690 857 815 575 446 811 78 783 480 560 931 372 490 228 950 614 255 202 795 72 632 379 867 979 0 995 369 735 646 636 16 864 450 443 970 32 596 499 499 85 176 525 725 607 939 316 160 370 314 361 267 905 40 788 246 767 921 941 687 805 157 532 118 74 260 155 692 158 417 246 649 675 906 699 32 527 814 47 457 71 315
Store_54 796 802 130 200 43 876 947 135 126 47 357 678 579 549 827 31 796 676 654 199 994 892 811 38 239 90 270 412 913 496 493 366 682 934 891 832 8 680 675 16 520 103 731 556 970 479 832 154 653 318 766 264 970 995 0 795 478 741 593 398 595 111 953 421 9 895 149 902 136 138 77 175 537 711 942 951 264 325 149 45 518 898 252 483 546 202 956 529 865 716 727 510 941 299 343 244 282 287 921 715 394 428 332 743 519 403 610 237 876 908
Store_55 448 1 514 568 90 307 441 713 837 819 608 696 2 670 664 220 724 466 835 956 773 568 655 169 863 853 770 155 416 372 651 287 159 418 290 427 648 469 27 245 353 992 992 51 108 616 273 935 658 469 571 859 136 369 795 0 62 149 84 755 267 498 314 836 888 890 488 901 27 280 348 1 332 989 695 976 273 832 128 722 541 191 823 157 498 994 300 961 624 136 401 891 743 966 3 79 712 647 93 379 544 712 40 701 834 659 13 490 3 358
Store_56 305 15 59 348 187 164 127 437 886 285 773 838 149 504 698 709 990 725 99 557 144 79 950 936 351 786 238 290 819 741 576 384 524 579 402 693 529 213 33 931 539 962 546 202 177 714 558 29 961 98 707 721 582 735 478 62 0 628 829 990 279 276 398 15 376 834 290 801 430 469 678 384 989 894 106 403 351 809 620 483 937 786 274 170 466 35 109 57 227 497 505 996 18 50 666 982 489 202 957 162 661 902 913 771 75 550 46 722 899 239
Store_57 530 678 420 884 338 621 559 403 403 299 750 83 242 239 757 146 51 527 503 382 110 513 41 974 727 421 978 28 116 707 23 654 868 910 443 560 98 181 16 57 112 454 102 138 393 791 500 94 986 3 658 886 932 646 741 149 628 0 25 812 576 384 342 324 941 179 371 171 402 472 320 441 67 267 380 941 81 81 169 941 205 338 526 937 161 136 29 478 256 232 384 447 408 968 737 92 24 761 114 582 30 350 28 358 789 239 25 246 403 329
Store_58 711 171 876 771 556 719 353 449 576 790 946 971 471 325 476 690 475 585 96 243 592 384 68 616 483 754 78 237 763 71 327 439 654 502 544 891 549 710 711 191 70 386 44 501 526 663 648 849 452 478 117 62 233 636 593 84 829 25 0 757 149 498 363 437 759 974 965 474 562 493 4 44 549 957 149 875 63 367 660 255 960 454 403 645 328 553 953 889 573 64 932 159 119 109 780 351 331 228 593 245 329 922 587 323 836 534 408 506 583 881
Store_59 697 507 741 666 544 432 535 977 813 814 131 478 919 729 999 120 588 412 845 246 526 727 723 240 322 233 411 221 481 250 231 521 865 355 472 161 588 767 708 341 170 995 416 817 636 552 374 703 684 27 767 764 251 16 398 755 990 812 757 0 846 59 131 56 961 903 788 432 166 19 911 900 399 303 386 860 988 789 885 775 279 965 851 523 283 173 538 622 325 574 147 773 862 476 416 556 83 629 759 433 137 924 519 688 872 240 726 184 447 457
Store_60 557 131 674 28 34 466 410 530 459 95 792 770 415 383 247 990 718 517 62 272 193 987 518 256 283 50 752 180 530 652 251 325 427 235 572 528 195 411 933 663 713 536 4 220 304 691 812 10 851 477 894 760 57 864 595 267 279 576 149 846 0 65 989 255 275 544 416 9 125 550 138 470 982 644 729 316 540 810 673 135 434 601 973 574 829 243 901 938 123 926 149 196 513 55 528 523 438 788 963 708 120 202 60 995 465 292 375 455 207 167
Store_61 963 96 303 493 72 139 27 999 497 325 562 893 381 623 91 102 477 713 392 93 541 524 38 616 838 23 415 153 685 796 109 671 59 772 349 665 843 247 743 186 619 590 720 434 741 429 652 2 306 992 992 690 94 450 111 498 276 384 498 59 65 0 988 562 153 870 632 819 699 523 585 909 647 594 98 928 521 814 478 14 723 773 966 881 147 940 625 59 954 602 70 312 750 228 576 597 422 976 84 482 30 169 973 920 557 13 76 276 321 826
Store_62 449 89 917 283 550 253 14 250 316 539 778 573 340 456 18 348 459 492 244 603 35 195 141 836 674 97 209 678 511 768 185 391 898 855 847 69 139 169 466 839 486 892 18 181 267 993 543 411 87 533 628 656 641 443 953 314 398 342 363 131 989 988 0 206 743 988 678 330 790 283 70 48 183 749 408 1 120 141 258 557 840 487 199 935 468 757 813 92 939 178 250 530 19 629 137 641 993 342 138 679 173 820 405 235 493 929 402 405 834 403
Store_63 908 553 969 626 264 96 685 159 611 404 711 759 730 4 365 119 498 221 138 2 12 592 896 197 321 593 124 995 726 853 166 867 615 474 247 613 8 923 460 741 231 424 334 835 399 3 315 495 113 78 926 109 598 970 421 836 15 324 437 56 255 562 206 0 325 425 251 831 510 31 755 621 610 537 722 890 812 153 412 209 716 496 233 149 824 467 533 272 694 852 604 255 168 270 921 687 421 163 707 191 890 616 548 649 300 380 427 159 526 410
Store_64 826 725 787 967 869 105 557 879 87 426 321 226 430 908 308 284 390 439 658 168 843 127 107 839 327 225 997 654 333 41 705 377 261 819 839 25 220 360 165 67 633 366 417 94 281 942 537 503 115 794 866 383 268 32 9 888 376 941 759 961 275 153 743 325 0 293 948 465 33 67 687 845 286 623 400 214 441 310 152 374 191 2 160 402 537 86 520 286 577 778 674 611 390 133 686 56 890 699 495 350 735 335 977 141 416 505 180 757 846 318
Store_65 463 936 368 678 202 442 759 711 565 511 778 426 130 116 176 159 142 738 105 911 878 815 336 277 89 558 994 153 290 275 533 916 418 219 543 792 254 602 668 310 164 972 857 904 474 162 574 762 869 795 982 847 337 596 895 890 834 179 974 903 544 870 988 425 293 0 814 375 62 136 323 427 38 104 928 717 254 953 527 561 944 879 543 615 247 456 531 894 293 981 289 681 960 401 883 471 838 309 895 411 414 313 755 34 888 222 420 780 169 789
Store_66 682 973 580 658 880 177 468 713 983 983 83 898 926 962 608 85 709 243 483 627 467 324 460 532 965 509 282 317 159 193 899 379 802 660 741 411 390 973 647 25 146 283 840 456 321 356 910 911 110 910 332 567 402 499 149 488 290 371 965 788 416 632 678 251 948 814 0 997 588 273 509 686 662 62 371 579 973 593 888 405 523 994 91 139 944 65 1 83 742 587 390 677 712 524 606 883 643 890 346 187 434 528 425 493 911 326 714 899 663 200
Store_67 323 971 685 806 516 907 904 718 402 571 470 750 386 952 727 597 491 489 151 316 700 790 165 681 396 319 740 122 610 67 925 272 119 101 826 261 802 602 925 987 621 820 13 462 263 657 510 610 321 23 158 350 475 499 902 901 801 171 474 432 9 819 330 831 465 375 997 0 954 954 536 834 685 528 12 474 305 88 976 58 109 789 581 726 439 474 711 8 224 735 353 322 578 783 145 559 737 613 968 237 823 519 260 155 640 395 813 772 912 391
Store_68 792 38 770 301 898 540 389 66 199 531 964 731 399 721 573 474 383 416 210 76 209 200 409 223 807 313 239 561 1 339 74 564 262 811 416 680 710 787 391 543 324 29 776 36 995 590 796 416 381 135 545 226 571 85 136 27 430 402 562 166 125 699 790 510 33 62 588 954 0 896 527 285 401 498 73 701 218 921 329 966 897 169 964 794 870 395 373 604 933 730 73 721 259 855 583 930 845 286 649 102 119 76 857 913 82 621 208 606 605 168
Store_69 548 397 338 560 353 715 565 829 128 209 935 330 319 197 866 771 778 349 955 466 499 844 929 336 70 858 694 854 288 64 850 973 214 508 317 244 519 517 928 533 308 461 921 454 757 699 510 39 262 936 555 276 502 176 138 280 469 472 493 19 550 523 283 31 67 136 273 954 896 0 908 535 371 61 142 84 1 217 717 643 341 437 100 525 989 762 76 644 635 591 200 255 363 672 461 330 482 215 413 73 123 856 926 155 358 540 751 978 453 392
Store_70 649 149 307 991 661 897 956 242 798 57 322 835 665 215 437 164 495 876 963 839 800 257 719 173 447 563 19 574 136 509 653 812 330 510 442 420 990 704 889 337 869 879 269 944 370 861 125 657 163 994 565 530 160 525 77 348 678 320 4 911 138 585 70 755 687 323 509 536 527 908 0 101 168 821 341 621 488 370 779 921 243 357 461 769 599 820 306 278 251 232 96 253 130 19 97 452 612 394 848 311 536 387 93 962 616 692 639 246 795 559
Store_71 381 466 5 620 523 618 676 483 883 420 904 424 504 715 396 295 279 845 648 440 646 922 929 864 320 69 540 963 310 647 463 420 716 307 457 246 207 527 953 582 265 386 388 821 208 382 938 849 816 108 899 656 242 725 175 1 384 441 44 900 470 909 48 621 845 427 686 834 285 535 101 0 898 3 520 569 996 496 812 692 447 339 336 729 414 595 361 202 702 852 671 860 233 811 415 474 355 391 262 12 367 108 183 492 947 645 322 633 979 220
Store_72 554 425 948 667 828 895 570 61 482 727 800 964 267 438 387 359 95 204 755 547 272 908 335 104 773 220 245 681 635 174 597 925 62 149 961 279 257 806 612 789 12 506 631 797 836 5 64 68 580 730 219 507 560 607 537 332 989 67 549 399 982 647 183 610 286 38 662 685 401 371 168 898 0 846 642 791 785 477 174 387 945 155 937 521 607 91 103 982 409 909 513 451 772 523 139 939 339 135 702 361 861 308 772 799 106 475 556 103 297 863
Store_73 153 591 578 80 455 395 379 344 189 557 525 67 388 216 153 367 955 378 993 320 199 754 537 800 417 866 55 362 612 752 92 916 535 106 183 388 388 334 96 297 601 935 414 579 123 327 794 749 726 640 754 175 181 939 711 989 894 267 957 303 644 594 749 537 623 104 62 528 498 61 821 3 846 0 882 246 120 682 761 477 643 15 357 282 297 443 355 823 327 968 784 822 154 646 13 749 205 287 125 423 113 478 828 990 310 390 850 387 743 681
Store_74 732 142 591 309 906 732 462 878 805 58 711 24 391 879 49 632 383 397 950 244 158 400 882 626 772 803 807 782 796 908 371 319 306 601 765 768 320 622 955 145 313 211 136 229 196 953 838 456 152 925 10 277 743 316 942 695 106 380 149 386 729 98 408 722 400 928 371 12 73 142 341 520 642 882 0 699 633 240 283 756 452 717 184 566 252 410 953 899 880 965 782 603 80 16 220 165 726 645 122 441 288 333 252 46 602 23 155 951 244 540
Store_75 702 878 952 15 398 764 37 417 264 306 775 83 984 904 421 325 268 758 352 797 92 211 516 507 230 740 553 970 936 164 597 312 990 434 867 321 18 314 746 793 353 320 956 323 885 474 390 812 633 142 817 115 960 160 951 976 403 941 875 860 316 928 1 890 214 717 579 474 701 84 621 569 791 246 699 0 511 542 256 404 976 605 966 454 108 28 257 392 365 154 20 696 573 847 712 269 154 392 991 311 294 94 366 244 533 289 832 538 126 52
Store_76 547 153 43 988 105 783 948 43 413 664 331 507 30 269 484 629 598 216 394 891 662 37 582 239 614 400 942 382 173 303 874 681 699 711 470 171 995 543 846 621 97 601 437 510 933 637 475 945 452 297 37 915 963 370 264 273 351 81 63 988 540 521 120 812 441 254 973 305 218 1 488 996 785 120 633 511 0 315 892 126 331 743 83 518 678 494 242 233 166 518 804 130 803 95 760 934 942 580 452 281 975 513 80 496 979 411 244 861 967 334
Store_77 528 128 18 643 975 265 460 984 294 433 461 275 957 44 988 602 911 358 827 137 165 195 756 633 489 484 561 34 699 637 360 642 936 812 191 541 196 305 156 751 235 818 566 788 446 964 495 717 290 862 343 507 546 314 325 832 809 81 367 789 810 814 141 153 310 953 593 88 921 217 370 496 477 682 240 542 315 0 969 467 635 66 736 851 727 782 468 300 230 368 51 832 569 332 882 641 933 118 729 505 935 532 187 111 920 594 159 481 444 376
Store_78 325 285 475 134 335 345 78 960 198 826 941 303 287 934 525 982 921 959 775 932 463 538 211 916 413 798 848 836 181 825 636 807 50 564 452 767 77 881 956 58 836 400 123 352 625 62 684 599 55 49 888 159 509 361 149 128 620 169 660 885 673 478 258 412 152 527 888 976 329 717 779 812 174 761 283 256 892 969 0 28 593 239 675 319 712 520 732 181 730 637 874 811 207 717 767 524 768 639 823 884 987 464 936 262 624 927 374 773 721 359
Store_79 437 611 676 168 971 110 540 736 562 31 503 709 449 782 520 732 542 471 189 537 146 88 4 600 413 615 593 429 99 826 128 616 614 620 685 40 840 648 253 764 176 807 617 747 450 847 36 535 676 897 900 773 694 267 45 722 483 941 255 775 135 14 557 209 374 561 405 58 966 643 921 692 387 477 756 404 126 467 28 0 292 646 503 414 693 44 342 921 547 365 578 62 948 973 882 730 323 280 581 96 584 129 491 452 412 426 881 645 988 852
Store_80 470 363 191 830 593 843 552 32 284 908 886 586 781 347 415 50 715 480 22 940 499 104 924 652 628 273 589 607 108 254 588 345 708 517 343 664 946 43 451 290 96 679 194 400 389 611 469 260 585 807 678 200 143 905 518 541 937 205 960 279 434 723 840 716 191 944 523 109 897 341 243 447 945 643 452 976 331 635 593 292 0 992 297 452 963 270 710 350 638 299 872 415 819 173 420 583 456 605 347 173 525 107 253 655 440 252 425 229 567 620
Store_81 737 102 657 253 146 38 715 297 103 789 998 401 644 390 591 505 496 121 108 668 687 288 293 318 783 489 747 771 172 358 179 393 901 807 466 32 83 633 201 22 811 522 114 746 966 35 433 117 406 36 744 611 829 40 898 191 786 338 454 965 601 773 487 496 2 879 994 789 169 437 357 339 155 15 717 605 743 66 239 646 992 0 166 20 857 603 91 779 141 419 365 275 878 765 171 87 333 646 438 592 621 557 803 716 523 801 341 866 160 486
Store_82 88 821 982 884 142 375 457 689 434 341 161 817 300 335 521 381 487 927 913 459 244 915 840 45 816 909 647 736 52 663 280 286 793 389 777 941 343 352 925 485 104 113 621 985 900 243 439 390 182 5 949 518 647 788 252 823 274 526 403 851 973 966 199 233 160 543 91 581 964 100 461 336 937 357 184 966 83 736 675 503 297 166 0 108 208 849 332 298 93 850 595 125 249 585 736 966 754 856 965 673 311 384 248 609 314 929 16 422 469 154
Store_83 154 511 503 257 835 589 311 271 479 519 763 487 704 267 176 587 8 481 97 441 831 191 196 316 909 273 692 684 284 634 836 908 681 332 362 482 352 276 671 934 214 497 391 156 706 512 733 911 135 964 940 122 134 246 483 157 170 937 645 523 574 881 935 149 402 615 139 726 794 525 769 729 521 282 566 454 518 851 319 414 452 20 108 0 224 477 762 614 692 39 139 154 810 652 448 560 536 422 943 27 246 825 909 72 919 124 475 253 759 765
Store_84 239 320 41 740 86 983 184 975 838 588 834 510 70 383 975 369 820 711 442 430 714 772 385 389 814 190 200 588 779 877 605 688 297 534 841 358 706 698 448 201 593 222 828 299 57 457 442 538 829 674 196 968 368 767 546 498 466 161 328 283 829 147 468 824 537 247 944 439 870 989 599 414 607 297 252 108 678 727 712 693 963 857 208 224 0 620 770 294 319 163 945 322 606 592 36 522 407 631 872 256 867 531 814 767 384 589 743 716 732 289
Store_85 730 233 473 136 273 396 694 8 551 704 276 251 679 731 736 841 481 916 77 136 358 360 51 648 611 823 538 858 653 15 437 434 699 539 366 502 301 898 746 743 756 996 89 922 527 886 976 986 768 332 476 943 809 921 202 994 35 136 553 173 243 940 757 467 86 456 65 474 395 762 820 595 91 443 410 28 494 782 520 44 270 603 849 477 620 0 674 907 933 999 893 265 728 677 272 599 793 327 493 69 307 768 767 176 485 513 474 804 149 703
Store_86 766 366 56 207 11 322 834 689 255 231 32 418 431 955 727 43 116 630 339 142 691 93 815 379 198 964 642 423 88 855 259 716 772 650 760 808 89 323 415 407 746 429 126 812 684 816 520 243 420 730 618 471 280 941 956 300 109 29 953 538 901 625 813 533 520 531 1 711 373 76 306 361 103 355 953 257 242 468 732 342 710 91 332 762 770 674 0 782 328 614 509 62 681 138 693 766 363 780 313 806 495 728 52 984 474 715 601 985 837 718
Store_87 548 899 169 903 552 350 417 837 516 908 952 900 380 862 641 489 957 728 174 414 188 674 871 945 597 358 141 636 88 248 427 232 981 353 558 773 340 47 831 529 296 593 89 290 949 601 595 116 650 772 929 216 828 687 529 961 57 478 889 622 938 59 92 272 286 894 83 8 604 644 278 202 982 823 899 392 233 300 181 921 350 779 298 614 294 907 782 0 551 227 681 438 527 557 192 269 275 614 642 509 485 63 358 283 661 58 413 868 902 689
Store_88 593 954 405 724 921 803 598 799 502 745 403 311 780 737 373 918 421 527 580 975 269 344 921 1 322 631 327 409 622 878 330 940 344 101 440 580 896 270 182 929 383 987 609 956 762 892 74 224 63 659 428 245 887 805 865 624 227 256 573 325 123 954 939 694 577 293 742 224 933 635 251 702 409 327 880 365 166 230 730 547 638 141 93 692 319 933 328 551 0 642 346 148 949 15 666 325 835 220 540 443 440 507 882 615 946 380 313 110 775 706
Store_89 598 603 681 871 7 445 585 400 797 173 843 575 610 733 577 164 893 300 831 667 685 856 374 788 704 83 565 444 221 609 551 659 149 952 508 694 293 385 328 425 487 316 291 775 529 41 774 977 864 47 233 147 925 157 716 136 497 232 64 574 926 602 178 852 778 981 587 735 730 591 232 852 909 968 965 154 518 368 637 365 299 419 850 39 163 999 614 227 642 0 527 601 928 963 189 218 132 192 704 926 200 598 24 95 266 85 846 655 766 240
Store_90 485 128 912 280 792 297 218 961 303 158 298 522 257 675 803 698 398 925 736 491 134 252 470 396 374 803 976 397 403 398 390 896 301 74 602 138 269 625 313 382 265 164 300 396 273 819 179 196 378 720 508 539 426 532 727 401 505 384 932 147 149 70 250 604 674 289 390 353 73 200 96 671 513 784 782 20 804 51 874 578 872 365 595 139 945 893 509 681 346 527 0 414 911 16 804 911 750 466 67 891 824 326 59 475 4 947 394 190 257 472
