Store_0 0 106 569 371 160 765 797 654 929 299 578 719 800 929 298 928 287 714 472 979 249 156 18 347 621 789 180 53 432 724 513 575 851 328 932 312 277 685 133 514 927 299 465 422 169 280 625 769 229 794 870 749 547 216 112 130 893 912 980 993 33 604 17 539 475 566 328 93 794 618 507 515 806 2 959 100 505 268 581 766 711 345 370 441 193 463 516 768 903 158 334 1 367 984 803 639 45 35 11 846 637 34 326 127 875 634 592 253 139 610
Store_1 106 0 92 410 218 291 297 130 209 660 96 890 368 737 339 777 968 97 347 460 770 567 726 660 511 597 899 349 974 453 493 487 704 896 15 403 653 825 461 914 929 608 329 306 791 309 588 472 58 770 363 693 926 681 932 784 890 360 430 337 742 774 357 761 959 965 527 604 489 194 655 171 970 697 336 783 745 218 30 356 304 529 592 329 414 487 549 183 691 161 54 885 32 808 494 784 688 446 407 149 841 309 615 335 355 730 679 299 762 747
Store_2 569 92 0 54 170 514 804 370 151 660 794 199 326 269 776 443 554 660 701 732 752 131 267 794 958 544 340 897 956 670 164 930 333 297 49 799 53 518 831 143 702 719 721 560 186 819 142 929 714 965 295 677 105 655 889 160 407 561 102 400 860 595 822 633 411 586 79 971 898 792 763 48 276 183 649 662 756 670 590 155 201 601 908 131 844 957 105 836 708 987 16 894 690 546 345 403 417 271 785 714 811 77 613 1 960 969 558 532 62 687
Store_3 371 410 54 0 160 372 21 258 574 980 376 626 956 242 430 234 424 674 598 578 870 705 774 656 729 132 4 240 18 763 811 399 874 128 126 18 647 303 969 198 157 261 434 74 392 654 302 674 642 58 753 115 381 836 178 551 83 595 687 435 667 599 858 523 774 723 993 351 879 87 743 21 886 127 103 61 590 923 576 599 203 253 368 785 867 677 697 215 817 997 227 93 403 355 608 477 763 13 704 106 701 592 934 489 552 691 541 926 28 787
Store_4 160 218 170 160 0 434 203 681 859 297 245 91 641 683 444 522 321 847 324 140 7 827 390 991 264 485 700 623 853 952 902 59 84 300 284 967 103 16 57 469 986 748 59 634 560 164 175 675 49 787 920 883 184 7 706 836 308 299 317 363 466 860 815 662 349 416 334 623 376 704 428 243 253 376 650 708 45 515 973 903 26 543 979 711 298 882 817 793 867 203 772 993 888 238 144 856 143 334 454 344 681 884 806 516 626 923 681 907 934 750
Store_5 765 291 514 372 434 0 856 920 850 307 464 839 665 425 243 910 162 908 980 579 357 264 768 227 7 620 246 652 404 167 592 632 953 719 484 933 349 639 466 745 50 30 517 248 650 134 508 282 989 585 552 565 949 420 249 937 708 368 47 845 252 347 110 90 736 94 696 923 674 45 858 335 449 260 998 648 958 668 493 897 76 281 423 505 970 79 883 482 138 681 469 412 117 318 631 907 507 407 340 751 777 340 331 53 925 60 922 904 790 923
Store_6 797 297 804 21 203 856 0 4 988 765 327 183 702 933 888 152 533 888 974 926 512 709 574 193 313 10 673 228 434 522 512 25 582 368 816 653 182 862 867 809 484 974 767 838 308 870 489 664 112 920 98 941 809 227 721 234 323 516 122 734 410 962 742 719 183 975 284 501 855 169 261 383 921 934 905 715 771 775 954 931 641 84 375 439 201 830 265 903 518 693 625 686 676 861 967 961 879 947 649 296 461 861 274 194 322 598 647 262 591 119
Store_7 654 130 370 258 681 920 4 0 950 47 324 141 657 104 657 89 950 66 836 479 754 71 993 849 945 951 692 502 979 953 628 610 7 449 550 426 868 961 886 938 393 905 778 344 408 285 520 829 703 658 277 300 738 170 157 803 953 205 357 266 142 333 951 940 1 800 630 248 88 956 87 809 695 216 891 707 650 528 440 828 980 907 628 378 448 478 83 253 58 969 965 455 936 617 730 161 132 502 369 665 560 724 313 143 433 14 788 756 978 685
Store_8 929 209 151 574 859 850 988 950 0 963 26 100 459 691 46 884 56 820 324 416 971 496 682 831 704 859 153 329 276 429 667 958 586 154 922 83 151 22 483 677 932 909 753 336 957 942 587 252 689 245 559 694 807 297 425 822 154 495 907 674 726 930 57 484 765 16 341 99 955 985 434 102 181 491 442 669 76 374 952 657 455 75 988 443 656 719 837 979 419 751 477 775 618 533 984 991 93 274 895 460 203 877 593 89 732 955 530 145 174 836
Store_9 299 660 660 980 297 307 765 47 963 0 826 556 530 458 207 650 726 442 796 153 739 382 498 479 891 203 521 395 205 708 204 560 222 159 554 707 589 862 985 493 106 96 210 699 286 159 727 733 532 194 558 214 218 684 902 482 601 271 111 674 256 187 151 878 599 251 741 715 3 130 268 63 214 382 555 945 871 997 31 447 875 493 815 731 399 272 607 105 813 244 183 860 564 191 778 959 461 205 265 767 420 13 692 698 803 537 194 268 115 961
Store_10 578 96 794 376 245 464 327 324 26 826 0 768 981 613 621 209 57 193 869 84 951 395 121 760 769 896 27 746 185 503 283 35 235 927 716 891 401 13 57 438 406 756 621 661 672 480 483 385 539 115 289 932 772 291 643 985 151 125 446 453 992 715 524 392 586 376 188 264 774 90 324 507 645 2 444 362 827 395 398 86 612 775 721 468 330 789 786 617 2 957 100 233 781 872 654 62 977 868 49 278 688 57 863 225 845 842 224 948 892 54
Store_11 719 890 199 626 91 839 183 141 100 556 768 0 772 773 103 239 46 896 191 613 548 454 161 888 935 691 501 429 979 961 841 811 926 669 270 19 666 886 462 978 125 481 602 519 333 8 170 462 761 754 653 607 475 435 349 63 220 103 365 889 786 520 930 857 794 302 8 188 368 169 68 915 565 596 317 188 733 925 739 806 790 414 740 701 871 519 499 984 740 643 134 40 808 700 832 6 868 889 188 840 353 598 63 692 706 624 227 749 756 343
Store_12 800 368 326 956 641 665 702 657 459 530 981 772 0 973 418 305 813 933 855 52 991 804 801 882 436 354 452 116 526 346 312 212 766 663 675 893 392 91 661 821 191 102 126 617 934 1 741 174 539 502 440 839 353 775 583 806 235 456 914 67 633 168 164 939 161 887 261 28 742 33 243 484 871 293 675 287 930 905 714 565 472 730 619 672 961 24 492 925 839 956 678 650 130 789 477 769 621 973 479 914 784 757 539 543 920 780 786 323 994 719
Store_13 929 737 269 242 683 425 933 104 691 458 613 773 973 0 254 876 5 485 150 551 400 763 506 14 266 374 891 53 511 204 301 797 664 987 303 668 691 924 26 765 615 192 335 15 217 294 573 548 830 342 729 429 542 452 291 341 893 396 892 604 302 698 626 766 565 449 579 336 47 263 222 130 553 486 672 620 550 501 86 892 791 926 404 735 5 612 215 184 729 323 541 117 768 509 321 538 541 476 47 817 754 428 779 768 129 115 154 352 100 680
Store_14 298 339 776 430 444 243 888 657 46 207 621 103 418 254 0 965 267 807 997 735 777 656 328 133 613 444 334 80 440 212 358 707 897 625 981 730 648 508 559 647 991 640 903 120 992 288 123 866 517 894 126 331 826 807 802 505 818 556 333 791 129 583 845 823 186 224 260 731 542 976 166 96 553 60 391 205 416 115 20 493 238 818 550 616 537 648 14 353 418 531 305 910 15 12 503 336 78 520 754 553 848 370 239 408 973 262 566 567 918 209
Store_15 928 777 443 234 522 910 152 89 884 650 209 239 305 876 965 0 825 844 392 695 663 470 479 11 566 820 596 853 573 420 238 638 239 414 630 245 621 538 592 721 72 109 844 364 562 477 396 504 897 913 497 119 757 994 248 289 78 421 352 487 371 284 986 911 123 682 777 480 943 524 986 732 305 597 289 899 571 733 934 297 234 313 733 900 756 282 165 536 762 615 752 287 501 9 986 229 45 434 45 210 856 771 871 709 551 334 599 311 674 807
Store_16 287 968 554 424 321 162 533 950 56 726 57 46 813 5 267 825 0 265 54 965 535 181 805 736 480 244 118 263 620 117 222 319 582 444 289 828 352 79 92 743 708 848 661 536 532 18 260 960 799 724 635 532 706 858 583 552 681 51 691 527 877 646 684 325 233 707 255 811 43 179 529 369 314 800 364 367 870 351 777 961 228 970 798 674 224 13 713 39 530 651 638 652 3 167 235 399 539 824 441 140 504 86 68 80 386 555 827 613 112 959
Store_17 714 97 660 674 847 908 888 66 820 442 193 896 933 485 807 844 265 0 888 511 672 787 431 900 793 644 482 687 149 635 85 644 847 942 929 795 765 684 408 395 454 543 28 789 976 304 206 130 39 821 863 780 222 763 497 756 319 130 305 907 716 948 187 556 434 696 551 34 17 33 457 93 535 471 707 589 713 71 928 443 183 92 969 316 803 197 91 83 36 112 808 67 375 738 929 261 901 794 458 305 744 941 930 490 817 375 635 28 38 935
Store_18 472 347 701 598 324 980 974 836 324 796 869 191 855 150 997 392 54 888 0 567 856 224 777 573 399 874 181 703 596 402 613 204 115 655 631 889 35 601 924 963 885 790 873 46 444 802 524 459 287 860 283 693 47 253 745 144 813 250 477 133 121 641 106 218 528 700 466 485 342 470 965 260 201 907 42 439 235 663 179 603 311 417 949 213 384 563 570 358 824 204 13 315 110 729 545 200 17 359 263 762 868 283 876 294 83 407 807 491 355 418
Store_19 979 460 732 578 140 579 926 479 416 153 84 613 52 551 735 695 965 511 567 0 491 772 994 440 283 378 650 659 706 360 698 978 561 213 34 470 89 942 955 406 125 123 157 443 816 298 647 854 926 361 816 260 584 707 4 666 219 661 695 15 348 279 546 105 214 408 158 641 186 950 28 932 58 596 407 718 3 875 361 325 154 680 242 458 707 958 249 594 832 849 402 887 778 50 895 2 904 402 903 448 185 280 300 536 11 712 959 7 759 992
Store_20 249 770 752 870 7 357 512 754 971 739 951 548 991 400 777 663 535 672 856 491 0 13 390 947 802 405 20 720 985 875 508 507 331 278 569 112 62 131 577 256 464 189 917 511 940 760 156 729 537 83 83 471 14 779 980 519 139 222 799 980 305 678 757 410 567 943 413 936 85 679 764 797 973 44 640 762 371 486 800 497 27 243 248 34 438 695 704 906 621 744 55 394 547 568 369 34 218 658 488 818 628 754 57 213 684 923 980 64 543 261
Store_21 156 567 131 705 827 264 709 71 496 382 395 454 804 763 656 470 181 787 224 772 13 0 104 996 363 873 934 23 547 94 723 196 694 636 163 958 983 241 974 882 584 617 380 247 567 293 44 813 635 449 936 527 603 81 475 340 639 657 517 958 377 232 795 607 539 254 943 543 826 219 935 102 394 125 59 266 628 880 3 192 702 448 455 377 304 384 931 226 955 178 334 155 107 953 644 80 878 419 431 435 531 524 458 937 489 549 486 937 425 856
Store_22 18 726 267 774 390 768 574 993 682 498 121 161 801 506 328 479 805 431 777 994 390 104 0 567 72 363 472 13 340 343 679 385 125 841 340 384 635 81 961 728 96 410 547 366 655 626 131 922 457 893 457 728 958 483 282 839 87 134 130 736 223 118 108 449 423 245 784 641 363 282 766 907 309 945 944 455 354 265 932 365 90 602 779 901 126 433 910 557 42 587 322 528 951 235 247 166 772 156 722 762 400 809 53 257 416 813 796 912 260 420
Store_23 347 660 794 656 991 227 193 849 831 479 760 888 882 14 133 11 736 900 573 440 947 996 567 0 757 141 843 294 885 935 42 849 507 495 780 363 513 183 516 275 78 667 955 609 799 125 97 557 437 622 809 478 948 331 918 92 911 615 625 408 705 354 114 580 965 273 576 788 538 609 463 879 553 160 659 920 536 111 39 183 367 167 86 5 264 397 712 595 884 38 846 391 462 350 870 863 107 140 536 302 279 920 766 557 189 20 624 301 449 155
Store_24 621 511 958 729 264 7 313 945 704 891 769 935 436 266 613 566 480 793 399 283 802 363 72 757 0 919 117 124 97 148 204 420 124 357 164 58 436 246 861 5 841 571 40 969 468 951 767 726 933 256 780 150 761 20 571 259 476 449 304 851 535 51 708 906 584 765 584 386 273 394 828 68 162 681 831 620 777 119 939 937 802 93 87 896 140 298 359 733 132 290 262 57 819 151 519 722 68 267 44 267 102 67 984 132 364 785 303 370 174 658
Store_25 789 597 544 132 485 620 10 951 859 203 896 691 354 374 444 820 244 644 874 378 405 873 363 141 919 0 753 357 605 691 502 202 521 573 580 757 608 649 902 40 430 682 264 701 988 579 5 481 31 808 13 738 838 511 401 440 336 426 644 586 417 844 215 284 845 917 400 902 42 743 456 368 886 833 671 288 369 585 997 70 276 802 694 35 118 923 72 941 641 680 999 861 720 967 727 914 280 444 416 380 810 640 814 960 816 494 788 169 676 751
Store_26 180 899 340 4 700 246 673 692 153 521 27 501 452 891 334 596 118 482 181 650 20 934 472 843 117 753 0 298 284 112 235 219 305 47 144 897 998 931 965 610 645 3 570 138 603 438 923 293 190 619 60 223 120 57 509 76 251 761 8 370 430 951 376 353 164 176 920 346 615 762 651 694 228 170 577 588 476 478 559 371 518 253 60 360 839 893 63 552 625 304 722 793 832 316 478 29 209 212 885 690 560 417 97 796 855 526 847 708 266 729
Store_27 53 349 897 240 623 652 228 502 329 395 746 429 116 53 80 853 263 687 703 659 720 23 13 294 124 357 298 0 616 903 337 670 805 114 802 575 229 542 190 237 882 233 686 154 465 484 679 177 664 234 99 529 450 786 894 872 837 516 246 88 923 595 652 617 717 434 653 637 131 623 67 964 875 145 150 586 359 791 662 800 898 203 639 471 898 46 89 493 322 438 307 452 792 692 558 595 112 997 251 273 815 270 558 239 553 272 893 838 622 839
Store_28 432 974 956 18 853 404 434 979 276 205 185 979 526 511 440 573 620 149 596 706 985 547 340 885 97 605 284 616 0 816 918 805 530 71 658 316 508 389 626 271 813 781 563 94 446 805 57 850 115 750 663 300 889 772 863 273 317 914 630 353 828 97 642 217 608 867 628 330 946 519 703 616 643 611 892 461 939 988 942 478 915 664 434 221 118 64 187 207 368 99 759 874 911 293 564 459 601 157 406 371 868 25 264 621 546 102 135 818 877 257
Store_29 724 453 670 763 952 167 522 953 429 708 503 961 346 204 212 420 117 635 402 360 875 94 343 935 148 691 112 903 816 0 758 587 556 637 963 334 60 553 845 272 946 445 978 704 255 247 292 966 481 28 140 151 558 695 412 422 803 141 104 279 583 852 257 728 610 34 448 644 954 183 597 692 240 757 40 793 486 914 596 215 757 47 839 87 385 177 16 595 633 40 953 992 556 80 109 312 203 806 693 83 42 720 110 340 398 444 249 581 851 959
Store_30 513 493 164 811 902 592 512 628 667 204 283 841 312 301 358 238 222 85 613 698 508 723 679 42 204 502 235 337 918 758 0 149 899 42 869 828 469 106 202 852 635 376 521 51 746 363 860 439 327 19 491 876 963 455 740 963 582 699 370 404 14 229 900 789 917 66 674 8 167 59 55 469 541 657 58 36 814 766 742 361 329 637 165 268 713 28 525 375 595 493 629 283 117 939 638 455 125 814 785 836 300 468 775 200 814 333 67 710 446 421
Store_31 575 487 930 399 59 632 25 610 958 560 35 811 212 797 707 638 319 644 204 978 507 196 385 849 420 202 219 670 805 587 149 0 587 388 691 158 691 435 495 519 499 83 502 779 535 789 949 166 131 963 761 640 3 850 503 773 187 689 529 38 768 356 537 730 34 416 838 587 213 385 271 72 212 401 816 641 116 53 77 734 132 188 976 398 830 6 10 792 915 164 234 487 285 55 158 561 911 276 436 545 641 572 910 960 104 446 549 350 951 818
Store_32 851 704 333 874 84 953 582 7 586 222 235 926 766 664 897 239 582 847 115 561 331 694 125 507 124 521 305 805 530 556 899 587 0 794 345 393 464 110 254 975 454 9 47 267 388 947 41 704 274 794 587 873 284 428 108 119 889 270 816 821 229 941 613 684 440 226 326 218 7 821 73 909 975 698 222 652 600 265 420 548 190 453 611 941 398 478 284 884 691 71 880 874 931 268 326 390 765 472 111 147 967 824 109 378 877 336 499 437 716 970
Store_33 328 896 297 128 300 719 368 449 154 159 927 669 663 987 625 414 444 942 655 213 278 636 841 495 357 573 47 114 71 637 42 388 794 0 594 761 836 186 797 593 501 97 944 700 709 739 868 877 179 131 630 248 775 517 523 887 783 32 333 7 207 411 990 65 147 507 825 235 414 613 886 347 968 48 593 250 211 464 872 977 956 112 759 489 234 153 100 689 42 169 688 706 50 76 243 463 785 208 252 449 716 365 603 825 243 539 666 971 678 924
Store_34 932 15 49 126 284 484 816 550 922 554 716 270 675 303 981 630 289 929 631 34 569 163 340 780 164 580 144 802 658 963 869 691 345 594 0 880 550 179 49 619 475 264 251 752 318 41 814 704 728 2 162 231 138 944 249 823 199 289 704 69 795 166 747 504 392 986 959 726 272 249 530 850 655 764 935 183 686 307 743 727 394 113 425 720 686 637 527 769 730 153 263 945 832 248 816 955 209 243 220 417 987 680 17 377 898 41 750 262 914 836
Store_35 312 403 799 18 967 933 653 426 83 707 891 19 893 668 730 245 828 795 889 470 112 958 384 363 58 757 897 575 316 334 828 158 393 761 880 0 416 507 608 607 94 990 761 41 798 388 833 491 418 25 931 8 45 27 468 456 8 141 995 235 910 837 776 305 198 666 734 513 495 705 475 81 555 449 403 594 66 279 316 536 135 134 907 693 403 503 580 74 388 111 680 62 213 346 24 797 876 943 676 438 61 748 422 312 119 396 537 28 742 268
Store_36 277 653 53 647 103 349 182 868 151 589 401 666 392 691 648 621 352 765 35 89 62 983 635 513 436 608 998 229 508 60 469 691 464 836 550 416 0 178 235 382 894 451 476 972 86 752 853 352 636 251 291 874 333 638 465 634 277 87 30 581 177 858 267 239 774 307 149 127 529 860 704 670 399 662 489 401 97 407 134 572 889 742 66 25 389 949 42 787 486 723 691 734 782 160 596 153 191 268 686 49 520 346 462 637 267 155 441 144 763 829
Store_37 685 825 518 303 16 639 862 961 22 862 13 886 91 924 508 538 79 684 601 942 131 241 81 183 246 649 931 542 389 553 106 435 110 186 179 507 178 0 714 150 66 488 341 732 168 280 623 494 915 420 1 265 339 378 17 167 265 251 361 400 270 622 731 433 82 877 946 328 874 154 619 564 925 766 808 770 73 276 957 653 687 741 180 947 308 826 620 705 942 401 107 551 765 989 370 158 61 513 739 927 123 101 419 883 883 601 901 261 368 734
Store_38 133 461 831 969 57 466 867 886 483 985 57 462 661 26 559 592 92 408 924 955 577 974 961 516 861 902 965 190 626 845 202 495 254 797 49 608 235 714 0 386 735 404 487 503 46 291 401 58 592 976 737 701 371 972 733 740 14 384 744 143 718 212 772 575 199 915 304 453 126 682 58 26 490 88 995 419 884 670 618 699 324 376 317 968 132 233 365 83 121 472 388 13 543 846 645 370 720 579 361 473 117 765 218 644 24 287 989 37 322 796
Store_39 514 914 143 198 469 745 809 938 677 493 438 978 821 765 647 721 743 395 963 406 256 882 728 275 5 40 610 237 271 272 852 519 975 593 619 607 382 150 386 0 672 312 757 49 45 371 304 450 782 48 990 485 950 927 112 455 330 448 674 979 830 293 738 397 220 489 401 956 564 626 772 188 672 32 508 101 971 465 382 657 442 669 912 368 208 713 601 260 373 172 472 868 313 794 376 923 632 86 247 969 556 319 564 939 715 165 175 614 792 781
Store_40 927 929 702 157 986 50 484 393 932 106 406 125 191 615 991 72 708 454 885 125 464 584 96 78 841 430 645 882 813 946 635 499 454 501 475 94 894 66 735 672 0 735 500 8 310 721 525 372 799 863 736 272 53 748 985 118 478 197 973 29 89 724 406 154 842 699 965 733 92 982 113 550 657 766 247 609 764 192 312 924 26 116 175 804 861 462 924 255 152 870 957 678 763 468 719 387 288 93 217 733 482 263 470 986 521 687 443 110 56 221
Store_41 299 608 719 261 748 30 974 905 909 96 756 481 102 192 640 109 848 543 790 123 189 617 410 667 571 682 3 233 781 445 376 83 9 97 264 990 451 488 404 312 735 0 483 551 425 800 220 852 83 972 969 836 49 854 563 840 448 83 586 666 366 630 462 540 562 659 788 622 9 890 373 295 229 261 724 544 785 402 736 861 757 724 487 646 712 681 379 151 526 889 451 213 263 732 388 798 271 701 193 388 910 771 568 217 314 759 963 31 287 80
Store_42 465 329 721 434 59 517 767 778 753 210 621 602 126 335 903 844 661 28 873 157 917 380 547 955 40 264 570 686 563 978 521 502 47 944 251 761 476 341 487 757 500 483 0 273 879 973 249 534 40 580 966 162 362 696 324 187 678 516 861 628 572 244 984 559 839 849 592 29 162 532 48 545 137 918 454 570 294 171 330 178 581 912 955 428 698 676 202 361 109 989 946 402 832 745 708 601 756 325 356 308 491 511 498 711 755 558 486 921 376 795
Store_43 422 306 560 74 634 248 838 344 336 699 661 519 617 15 120 364 536 789 46 443 511 247 366 609 969 701 138 154 94 704 51 779 267 700 752 41 972 732 503 49 8 551 273 0 148 754 532 145 218 657 764 562 770 676 213 963 803 268 229 187 267 573 893 392 596 749 89 934 270 509 36 846 916 16 700 339 807 965 981 709 765 128 319 28 904 359 536 755 701 296 594 182 38 956 579 240 307 889 730 174 42 40 320 830 521 659 815 321 660 654
Store_44 169 791 186 392 560 650 308 408 957 286 672 333 934 217 992 562 532 976 444 816 940 567 655 799 468 988 603 465 446 255 746 535 388 709 318 798 86 168 46 45 310 425 879 148 0 402 593 470 208 304 165 806 13 704 314 389 542 629 559 224 17 725 123 217 553 435 506 194 977 485 847 947 71 440 492 152 963 92 896 280 409 350 616 418 937 236 794 393 321 272 385 331 905 676 347 208 583 189 873 559 985 173 906 628 696 420 123 319 36 214
Store_45 280 309 819 654 164 134 870 285 942 159 480 8 1 294 288 477 18 304 802 298 760 293 626 125 951 579 438 484 805 247 363 789 947 739 41 388 752 280 291 371 721 800 973 754 402 0 314 208 926 225 468 202 550 443 367 493 248 866 947 541 382 375 610 805 227 231 232 20 289 174 417 988 954 577 117 413 978 5 587 547 932 178 591 207 81 621 446 350 77 982 867 757 322 3 679 207 157 837 321 697 536 228 612 325 695 912 439 435 186 869
Store_46 625 588 142 302 175 508 489 520 587 727 483 170 741 573 123 396 260 206 524 647 156 44 131 97 767 5 923 679 57 292 860 949 41 868 814 833 853 623 401 304 525 220 249 532 593 314 0 156 682 616 276 744 61 954 745 587 831 838 39 894 910 895 582 821 974 621 244 266 568 268 270 824 545 283 866 565 218 101 789 855 745 7 855 683 965 904 317 82 406 122 163 828 570 766 743 489 999 323 800 73 500 702 545 507 538 100 737 351 727 473
Store_47 769 472 929 674 675 282 664 829 252 733 385 462 174 548 866 504 960 130 459 854 729 813 922 557 726 481 293 177 850 966 439 166 704 877 704 491 352 494 58 450 372 852 534 145 470 208 156 0 880 547 682 819 290 915 781 595 874 348 610 750 556 564 506 994 991 285 527 298 798 361 874 338 155 681 41 558 63 372 598 176 129 178 321 212 178 300 946 675 761 619 200 343 833 979 263 246 192 332 885 398 417 990 642 949 459 931 940 783 12 125
Store_48 229 58 714 642 49 989 112 703 689 532 539 761 539 830 517 897 799 39 287 926 537 635 457 437 933 31 190 664 115 481 327 131 274 179 728 418 636 915 592 782 799 83 40 218 208 926 682 880 0 643 701 28 182 316 752 208 413 496 409 731 294 910 373 684 198 258 111 88 772 161 185 770 364 663 797 229 300 953 982 700 782 837 37 494 992 882 799 663 514 350 374 530 806 506 328 663 724 762 321 638 706 262 703 904 742 182 793 186 890 610
Store_49 794 770 965 58 787 585 920 658 245 194 115 754 502 342 894 913 724 821 860 361 83 449 893 622 256 808 619 234 750 28 19 963 794 131 2 25 251 420 976 48 863 972 580 657 304 225 616 547 643 0 744 986 35 879 931 396 373 740 871 551 563 261 783 421 659 698 865 773 266 969 351 630 381 80 422 489 559 740 323 318 613 153 24 603 862 941 175 550 502 262 395 543 797 38 316 304 226 774 100 278 215 789 498 301 935 759 142 750 24 409
Store_50 870 363 295 753 920 552 98 277 559 558 289 653 440 729 126 497 635 863 283 816 83 936 457 809 780 13 60 99 663 140 491 761 587 630 162 931 291 1 737 990 736 969 966 764 165 468 276 682 701 744 0 300 589 206 763 240 479 382 528 41 707 105 705 448 244 241 856 214 732 433 284 763 5 154 916 922 512 290 763 820 84 248 239 882 112 738 556 155 998 955 153 212 878 436 768 39 541 927 414 111 837 652 949 439 808 303 849 422 882 449
Store_51 749 693 677 115 883 565 941 300 694 214 932 607 839 429 331 119 532 780 693 260 471 527 728 478 150 738 223 529 300 151 876 640 873 248 231 8 874 265 701 485 272 836 162 562 806 202 744 819 28 986 300 0 222 372 891 299 945 11 582 48 52 867 974 638 801 34 247 862 362 339 321 620 178 668 316 595 974 313 730 398 79 45 555 208 761 626 870 15 648 854 622 694 821 776 7 304 349 209 827 771 324 525 227 87 901 210 841 294 81 226
Store_52 547 926 105 381 184 949 809 738 807 218 772 475 353 542 826 757 706 222 47 584 14 603 958 948 761 838 120 450 889 558 963 3 284 775 138 45 333 339 371 950 53 49 362 770 13 550 61 290 182 35 589 222 0 191 390 236 186 705 863 197 892 748 785 557 964 383 407 58 186 294 544 226 266 426 482 167 355 232 28 244 329 274 924 457 558 951 696 657 20 162 329 130 55 938 502 11 47 861 607 53 36 802 834 881 619 631 50 640 528 121
Store_53 216 681 655 836 7 420 227 170 297 684 291 435 775 452 807 994 858 763 253 707 779 81 483 331 20 511 57 786 772 695 455 850 428 517 944 27 638 378 972 927 748 854 696 676 704 443 954 915 316 879 206 372 191 0 563 58 494 31 37 222 564 441 301 221 602 753 942 999 20 47 148 15 568 273 25 832 562 458 613 753 965 668 65 608 517 191 928 818 468 105 871 530 915 332 98 196 188 316 859 301 982 456 636 721 16 651 71 445 233 435
Store_54 112 932 889 178 706 249 721 157 425 902 643 349 583 291 802 248 583 497 745 4 980 475 282 918 571 401 509 894 863 412 740 503 108 523 249 468 465 17 733 112 985 563 324 213 314 367 745 781 752 931 763 891 390 563 0 452 928 838 468 105 870 578 435 612 843 317 932 82 807 198 471 650 294 874 38 561 123 171 203 249 544 796 802 625 154 742 439 310 446 655 421 864 195 665 839 823 213 800 498 731 276 586 910 217 649 516 720 53 573 837
Store_55 130 784 160 551 836 937 234 803 822 482 985 63 806 341 505 289 552 756 144 666 519 340 839 92 259 440 76 872 273 422 963 773 119 887 823 456 634 167 740 455 118 840 187 963 389 493 587 595 208 396 240 299 236 58 452 0 456 886 363 139 69 983 66 434 532 748 412 200 337 620 835 824 107 679 75 759 729 389 508 715 884 197 557 348 410 343 375 328 354 481 772 293 446 644 295 345 662 196 787 753 558 8 819 628 957 38 370 187 818 30
Store_56 893 890 407 83 308 708 323 953 154 601 151 220 235 893 818 78 681 319 813 219 139 639 87 911 476 336 251 837 317 803 582 187 889 783 199 8 277 265 14 330 478 448 678 803 542 248 831 874 413 373 479 945 186 494 928 456 0 126 81 571 217 985 346 751 934 929 931 383 847 19 39 491 275 114 680 453 339 394 198 382 811 750 940 582 897 921 873 985 519 806 165 399 138 163 702 316 828 656 837 420 632 969 650 39 947 211 350 551 428 317
Store_57 912 360 561 595 299 368 516 205 495 271 125 103 456 396 556 421 51 130 250 661 222 657 134 615 449 426 761 516 914 141 699 689 270 32 289 141 87 251 384 448 197 83 516 268 629 866 838 348 496 740 382 11 705 31 838 886 126 0 793 502 48 385 319 200 410 205 878 483 177 989 122 981 515 741 472 951 985 295 711 640 578 752 859 684 387 651 644 225 963 952 527 791 428 967 118 238 796 279 709 137 312 775 31 311 693 948 621 371 27 577
Store_58 980 430 102 687 317 47 122 357 907 111 446 365 914 892 333 352 691 305 477 695 799 517 130 625 304 644 8 246 630 104 370 529 816 333 704 995 30 361 744 674 973 586 861 229 559 947 39 610 409 871 528 582 863 37 468 363 81 793 0 385 173 791 325 714 228 788 225 230 239 457 869 506 638 857 97 577 734 849 893 452 716 906 798 961 302 399 572 528 33 98 866 884 217 106 684 302 766 789 220 914 21 314 341 671 348 831 907 451 655 472
Store_59 993 337 400 435 363 845 734 266 674 674 453 889 67 604 791 487 527 907 133 15 980 958 736 408 851 586 370 88 353 279 404 38 821 7 69 235 581 400 143 979 29 666 628 187 224 541 894 750 731 551 41 48 197 222 105 139 571 502 385 0 631 507 573 209 15 954 2 44 512 627 729 823 32 130 222 201 857 220 396 18 575 245 750 15 534 123 396 701 474 313 461 821 543 695 966 629 150 926 176 128 299 16 884 300 299 722 746 687 706 161
Store_60 33 742 860 667 466 252 410 142 726 256 992 786 633 302 129 371 877 716 121 348 305 377 223 705 535 417 430 923 828 583 14 768 229 207 795 910 177 270 718 830 89 366 572 267 17 382 910 556 294 563 707 52 892 564 870 69 217 48 173 631 0 500 230 624 174 336 48 938 609 288 362 719 427 959 58 778 647 766 298 659 911 289 675 614 544 796 300 895 909 600 642 619 460 31 115 181 613 71 850 722 812 738 763 379 429 600 978 592 33 584
Store_61 604 774 595 599 860 347 962 333 930 187 715 520 168 698 583 284 646 948 641 279 678 232 118 354 51 844 951 595 97 852 229 356 941 411 166 837 858 622 212 293 724 630 244 573 725 375 895 564 910 261 105 867 748 441 578 983 985 385 791 507 500 0 325 496 657 228 440 96 305 939 955 234 418 905 825 480 413 928 764 654 683 260 289 931 733 20 174 733 566 611 540 904 921 436 425 88 425 606 558 920 541 52 653 361 580 267 61 368 278 449
Store_62 17 357 822 858 815 110 742 951 57 151 524 930 164 626 845 986 684 187 106 546 757 795 108 114 708 215 376 652 642 257 900 537 613 990 747 776 267 731 772 738 406 462 984 893 123 610 582 506 373 783 705 974 785 301 435 66 346 319 325 573 230 325 0 197 543 194 848 956 612 909 880 460 419 471 276 138 961 231 786 975 834 446 259 445 610 738 819 968 876 308 392 21 227 518 434 806 198 98 699 820 308 760 374 401 603 928 230 742 820 527
Store_63 539 761 633 523 662 90 719 940 484 878 392 857 939 766 823 911 325 556 218 105 410 607 449 580 906 284 353 617 217 728 789 730 684 65 504 305 239 433 575 397 154 540 559 392 217 805 821 994 684 421 448 638 557 221 612 434 751 200 714 209 624 496 197 0 318 729 130 532 995 411 739 950 684 563 594 420 304 182 6 378 525 655 565 588 226 383 541 144 988 730 331 170 429 267 97 842 633 251 1 249 826 651 958 741 341 60 698 595 428 299
Store_64 475 959 411 774 349 736 183 1 765 599 586 794 161 565 186 123 233 434 528 214 567 539 423 965 584 845 164 717 608 610 917 34 440 147 392 198 774 82 199 220 842 562 839 596 553 227 974 991 198 659 244 801 964 602 843 532 934 410 228 15 174 657 543 318 0 216 612 730 50 323 319 167 810 51 754 527 915 833 710 460 189 232 573 245 833 728 74 767 516 276 672 240 784 270 584 770 211 49 954 489 842 558 711 465 385 440 639 254 834 156
Store_65 566 965 586 723 416 94 975 800 16 251 376 302 887 449 224 682 707 696 700 408 943 254 245 273 765 917 176 434 867 34 66 416 226 507 986 666 307 877 915 489 699 659 849 749 435 231 621 285 258 698 241 34 383 753 317 748 929 205 788 954 336 228 194 729 216 0 40 637 256 760 584 510 587 256 972 952 187 321 380 804 52 525 208 640 602 67 299 282 462 184 224 48 245 341 809 13 10 442 266 879 755 66 596 279 886 508 716 171 631 163
Store_66 328 527 79 993 334 696 284 630 341 741 188 8 261 579 260 777 255 551 466 158 413 943 784 576 584 400 920 653 628 448 674 838 326 825 959 734 149 946 304 401 965 788 592 89 506 232 244 527 111 865 856 247 407 942 932 412 931 878 225 2 48 440 848 130 612 40 0 633 871 436 710 552 14 940 953 931 706 64 109 713 607 444 395 813 827 468 135 434 102 269 586 578 485 230 968 406 30 216 142 265 636 626 636 8 627 369 594 324 942 11
Store_67 93 604 971 351 623 923 501 248 99 715 264 188 28 336 731 480 811 34 485 641 936 543 641 788 386 902 346 637 330 644 8 587 218 235 726 513 127 328 453 956 733 622 29 934 194 20 266 298 88 773 214 862 58 999 82 200 383 483 230 44 938 96 956 532 730 637 633 0 312 754 940 702 268 991 197 203 99 878 782 26 657 231 595 650 480 911 379 316 772 828 624 75 379 349 419 649 546 820 275 749 290 201 267 922 438 420 500 895 803 322
Store_68 794 489 898 879 376 674 855 88 955 3 774 368 742 47 542 943 43 17 342 186 85 826 363 538 273 42 615 131 946 954 167 213 7 414 272 495 529 874 126 564 92 9 162 270 977 289 568 798 772 266 732 362 186 20 807 337 847 177 239 512 609 305 612 995 50 256 871 312 0 239 277 924 61 848 74 401 279 768 488 117 68 480 412 584 477 522 311 725 40 445 145 472 849 812 700 945 815 459 869 451 883 449 141 714 117 805 656 413 550 516
Store_69 618 194 792 87 704 45 169 956 985 130 90 169 33 263 976 524 179 33 470 950 679 219 282 609 394 743 762 623 519 183 59 385 821 613 249 705 860 154 682 626 982 890 532 509 485 174 268 361 161 969 433 339 294 47 198 620 19 989 457 627 288 939 909 411 323 760 436 754 239 0 610 531 303 917 786 219 821 791 319 859 165 312 807 914 483 937 575 349 813 596 420 971 574 897 489 345 5 669 668 444 142 741 271 722 188 476 98 806 534 10
Store_70 507 655 763 743 428 858 261 87 434 268 324 68 243 222 166 986 529 457 965 28 764 935 766 463 828 456 651 67 703 597 55 271 73 886 530 475 704 619 58 772 113 373 48 36 847 417 270 874 185 351 284 321 544 148 471 835 39 122 869 729 362 955 880 739 319 584 710 940 277 610 0 199 610 123 525 435 123 21 976 710 275 395 747 254 34 86 847 261 744 59 488 769 51 822 882 440 316 950 757 179 506 184 903 144 888 602 42 151 237 462
Store_71 515 171 48 21 243 335 383 809 102 63 507 915 484 130 96 732 369 93 260 932 797 102 907 879 68 368 694 964 616 692 469 72 909 347 850 81 670 564 26 188 550 295 545 846 947 988 824 338 770 630 763 620 226 15 650 824 491 981 506 823 719 234 460 950 167 510 552 702 924 531 199 0 891 438 83 940 291 872 17 971 155 839 405 167 847 254 509 67 812 259 2 32 994 438 841 709 276 120 141 404 806 574 668 239 644 146 613 870 707 743
Store_72 806 970 276 886 253 449 921 695 181 214 645 565 871 553 553 305 314 535 201 58 973 394 309 553 162 886 228 875 643 240 541 212 975 968 655 555 399 925 490 672 657 229 137 916 71 954 545 155 364 381 5 178 266 568 294 107 275 515 638 32 427 418 419 684 810 587 14 268 61 303 610 891 0 834 649 268 878 780 446 876 982 808 134 619 807 976 861 418 423 549 379 519 822 793 103 442 853 968 931 533 264 338 497 141 170 225 107 175 742 482
Store_73 2 697 183 127 376 260 934 216 491 382 2 596 293 486 60 597 800 471 907 596 44 125 945 160 681 833 170 145 611 757 657 401 698 48 764 449 662 766 88 32 766 261 918 16 440 577 283 681 663 80 154 668 426 273 874 679 114 741 857 130 959 905 471 563 51 256 940 991 848 917 123 438 834 0 66 36 560 748 575 920 986 601 232 677 18 672 504 391 503 989 254 94 220 837 268 508 296 851 165 291 236 114 871 818 225 450 894 896 69 668
Store_74 959 336 649 103 650 998 905 891 442 555 444 317 675 672 391 289 364 707 42 407 640 59 944 659 831 671 577 150 892 40 58 816 222 593 935 403 489 808 995 508 247 724 454 700 492 117 866 41 797 422 916 316 482 25 38 75 680 472 97 222 58 825 276 594 754 972 953 197 74 786 525 83 649 66 0 9 259 530 84 356 452 143 23 413 583 307 166 111 252 873 368 416 503 169 64 872 895 717 596 60 641 227 86 978 891 618 151 444 146 260
Store_75 100 783 662 61 708 648 715 707 669 945 362 188 287 620 205 899 367 589 439 718 762 266 455 920 620 288 588 586 461 793 36 641 652 250 183 594 401 770 419 101 609 544 570 339 152 413 565 558 229 489 922 595 167 832 561 759 453 951 577 201 778 480 138 420 527 952 931 203 401 219 435 940 268 36 9 0 16 251 567 46 330 893 302 859 520 304 770 512 577 73 811 674 17 654 523 769 24 589 259 377 218 593 902 856 918 497 67 663 967 652
Store_76 505 745 756 590 45 958 771 650 76 871 827 733 930 550 416 571 870 713 235 3 371 628 354 536 777 369 476 359 939 486 814 116 600 211 686 66 97 73 884 971 764 785 294 807 963 978 218 63 300 559 512 974 355 562 123 729 339 985 734 857 647 413 961 304 915 187 706 99 279 821 123 291 878 560 259 16 0 732 405 625 52 169 139 592 144 134 700 465 675 981 307 976 104 535 605 676 629 138 637 457 691 793 915 555 967 978 206 176 242 350
Store_77 268 218 670 923 515 668 775 528 374 997 395 925 905 501 115 733 351 71 663 875 486 880 265 111 119 585 478 791 988 914 766 53 265 464 307 279 407 276 670 465 192 402 171 965 92 5 101 372 953 740 290 313 232 458 171 389 394 295 849 220 766 928 231 182 833 321 64 878 768 791 21 872 780 748 530 251 732 0 757 883 331 732 38 869 349 332 965 354 512 568 437 579 276 779 821 541 593 866 284 372 771 517 265 846 465 514 876 237 859 662
Store_78 581 30 590 576 973 493 954 440 952 31 398 739 714 86 20 934 777 928 179 361 800 3 932 39 939 997 559 662 942 596 742 77 420 872 743 316 134 957 618 382 312 736 330 981 896 587 789 598 982 323 763 730 28 613 203 508 198 711 893 396 298 764 786 6 710 380 109 782 488 319 976 17 446 575 84 567 405 757 0 689 894 260 18 835 968 827 884 745 476 24 997 881 683 427 599 817 280 962 936 695 648 851 21 590 112 120 902 186 326 450
Store_79 766 356 155 599 903 897 931 828 657 447 86 806 565 892 493 297 961 443 603 325 497 192 365 183 937 70 371 800 478 215 361 734 548 977 727 536 572 653 699 657 924 861 178 709 280 547 855 176 700 318 820 398 244 753 249 715 382 640 452 18 659 654 975 378 460 804 713 26 117 859 710 971 876 920 356 46 625 883 689 0 964 266 805 481 531 734 500 424 264 213 403 515 279 123 256 684 886 731 127 239 897 261 913 339 161 761 994 330 815 522
Store_80 711 304 201 203 26 76 641 980 455 875 612 790 472 791 238 234 228 183 311 154 27 702 90 367 802 276 518 898 915 757 329 132 190 956 394 135 889 687 324 442 26 757 581 765 409 932 745 129 782 613 84 79 329 965 544 884 811 578 716 575 911 683 834 525 189 52 607 657 68 165 275 155 982 986 452 330 52 331 894 964 0 174 131 16 765 788 665 294 186 575 32 677 350 291 949 93 171 990 748 834 628 272 704 267 967 513 75 824 487 651
Store_81 345 529 601 253 543 281 84 907 75 493 775 414 730 926 818 313 970 92 417 680 243 448 602 167 93 802 253 203 664 47 637 188 453 112 113 134 742 741 376 669 116 724 912 128 350 178 7 178 837 153 248 45 274 668 796 197 750 752 906 245 289 260 446 655 232 525 444 231 480 312 395 839 808 601 143 893 169 732 260 266 174 0 610 581 804 224 273 371 351 915 554 500 549 798 790 779 542 270 281 506 115 682 313 474 918 174 778 537 211 462
Store_82 370 592 908 368 979 423 375 628 988 815 721 740 619 404 550 733 798 969 949 242 248 455 779 86 87 694 60 639 434 839 165 976 611 759 425 907 66 180 317 912 175 487 955 319 616 591 855 321 37 24 239 555 924 65 802 557 940 859 798 750 675 289 259 565 573 208 395 595 412 807 747 405 134 232 23 302 139 38 18 805 131 610 0 472 935 64 741 305 640 649 609 13 637 215 449 483 761 554 912 400 472 786 222 885 553 151 982 716 760 163
Store_83 441 329 131 785 711 505 439 378 443 731 468 701 672 735 616 900 674 316 213 458 34 377 901 5 896 35 360 471 221 87 268 398 941 489 720 693 25 947 968 368 804 646 428 28 418 207 683 212 494 603 882 208 457 608 625 348 582 684 961 15 614 931 445 588 245 640 813 650 584 914 254 167 619 677 413 859 592 869 835 481 16 581 472 0 785 835 937 435 267 663 531 707 628 131 88 584 971 901 788 226 512 274 816 408 830 494 776 131 385 382
Store_84 193 414 844 867 298 970 201 448 656 399 330 871 961 5 537 756 224 803 384 707 438 304 126 264 140 118 839 898 118 385 713 830 398 234 686 403 389 308 132 208 861 712 698 904 937 81 965 178 992 862 112 761 558 517 154 410 897 387 302 534 544 733 610 226 833 602 827 480 477 483 34 847 807 18 583 520 144 349 968 531 765 804 935 785 0 513 23 134 579 873 946 157 930 725 894 376 605 114 236 667 897 141 151 121 833 228 633 993 647 300
Store_85 463 487 957 677 882 79 830 478 719 272 789 519 24 612 648 282 13 197 563 958 695 384 433 397 298 923 893 46 64 177 28 6 478 153 637 503 949 826 233 713 462 681 676 359 236 621 904 300 882 941 738 626 951 191 742 343 921 651 399 123 796 20 738 383 728 67 468 911 522 937 86 254 976 672 307 304 134 332 827 734 788 224 64 835 513 0 942 820 685 494 777 534 652 148 350 499 950 517 881 634 615 804 762 962 911 692 333 293 454 167
Store_86 516 549 105 697 817 883 265 83 837 607 786 499 492 215 14 165 713 91 570 249 704 931 910 712 359 72 63 89 187 16 525 10 284 100 527 580 42 620 365 601 924 379 202 536 794 446 317 946 799 175 556 870 696 928 439 375 873 644 572 396 300 174 819 541 74 299 135 379 311 575 847 509 861 504 166 770 700 965 884 500 665 273 741 937 23 942 0 772 139 144 110 97 270 567 65 701 859 708 524 808 399 330 75 104 434 588 954 820 156 569
Store_87 768 183 836 215 793 482 903 253 979 105 617 984 925 184 353 536 39 83 358 594 906 226 557 595 733 941 552 493 207 595 375 792 884 689 769 74 787 705 83 260 255 151 361 755 393 350 82 675 663 550 155 15 657 818 310 328 985 225 528 701 895 733 968 144 767 282 434 316 725 349 261 67 418 391 111 512 465 354 745 424 294 371 305 435 134 820 772 0 864 819 149 779 503 880 189 233 11 262 545 100 530 231 41 382 604 93 670 791 692 737
Store_88 903 691 708 817 867 138 518 58 419 813 2 740 839 729 418 762 530 36 824 832 621 955 42 884 132 641 625 322 368 633 595 915 691 42 730 388 486 942 121 373 152 526 109 701 321 77 406 761 514 502 998 648 20 468 446 354 519 963 33 474 909 566 876 988 516 462 102 772 40 813 744 812 423 503 252 577 675 512 476 264 186 351 640 267 579 685 139 864 0 898 1 283 676 172 756 510 621 174 781 722 919 442 60 262 311 989 197 383 657 673
Store_89 158 161 987 997 203 681 693 969 751 244 957 643 956 323 531 615 651 112 204 849 744 178 587 38 290 680 304 438 99 40 493 164 71 169 153 111 723 401 472 172 870 889 989 296 272 982 122 619 350 262 955 854 162 105 655 481 806 952 98 313 600 611 308 730 276 184 269 828 445 596 59 259 549 989 873 73 981 568 24 213 575 915 649 663 873 494 144 819 898 0 422 504 887 259 460 20 635 775 813 798 215 841 25 159 964 157 720 817 537 361
Store_90 334 54 16 227 772 469 625 965 477 183 100 134 678 541 305 752 638 808 13 402 55 334 322 846 262 999 722 307 759 953 629 234 880 688 263 680 691 107 388 472 957 451 946 594 385 867 163 200 374 395 153 622 329 871 421 772 165 527 866 461 642 540 392 331 672 224 586 624 145 420 488 2 379 254 368 811 307 437 997 403 32 554 609 531 946 777 110 149 1 422 0 743 880 148 884 160 573 28 432 355 601 661 658 89 604 114 732 376 213 60
