Store_0 0 360 948 29 447 515 53 491 761 719 854 77 677 473 262 95 844 84 875 241 320 143 888 524 947 652 260 503 882 692 223 745 245 37 387 602 862 125 653 938 635 960 375 555 730 198 691 74 336 112 62 319 877 416 646 207 616 608 737 143 747 387 788 105 258 408 517 451 718 358 118 738 72 457 551 726 580 297 662 135 220 267 773 117 669 905 152 789 243 901 241 223 380 668 514 916 723 957 222 605 371 536 565 319 653 667 67 331 297 688
Store_1 360 0 963 730 725 298 21 797 557 286 641 290 151 271 534 730 865 986 4 984 762 792 450 428 753 49 245 141 710 325 862 294 859 517 911 671 223 577 778 916 871 835 541 986 593 913 357 358 478 616 958 440 75 155 645 508 29 715 275 633 790 441 6 98 232 78 941 67 29 539 791 702 81 477 481 978 901 784 563 589 712 860 373 872 315 13 691 953 602 380 834 734 778 715 782 469 548 438 290 560 916 573 362 654 494 62 128 589 22 159
Store_2 948 963 0 674 875 490 393 460 317 350 232 872 470 443 814 702 39 126 352 945 905 113 393 248 477 720 546 102 785 826 19 943 872 857 50 935 894 416 794 448 769 88 728 935 96 126 847 324 924 389 643 253 523 292 786 974 155 644 895 246 771 457 584 537 477 34 879 782 797 158 5 452 211 780 786 638 819 751 226 392 685 764 17 916 823 562 615 462 8 141 351 936 912 903 753 818 170 188 999 618 711 160 829 357 36 815 817 575 795 536
Store_3 29 730 674 0 986 124 471 335 910 51 40 974 627 20 63 727 767 526 652 384 818 279 523 868 321 441 380 786 254 693 522 356 298 367 107 534 149 662 62 377 693 38 612 259 170 76 580 893 154 869 498 497 32 476 898 349 406 526 614 16 820 123 696 528 721 555 361 62 806 98 911 615 186 762 629 287 888 611 340 900 653 922 447 389 277 355 917 77 149 428 168 999 99 40 722 671 977 661 151 731 1 83 261 477 522 241 704 158 553 389
Store_4 447 725 875 986 0 578 256 307 375 623 335 502 906 503 70 632 881 229 210 39 66 804 565 799 674 330 17 242 613 412 822 889 479 472 946 857 460 778 484 345 729 70 117 640 581 524 196 507 407 602 933 364 957 307 725 758 286 613 20 564 501 656 967 626 130 507 201 580 175 704 229 394 572 352 555 989 519 553 820 971 75 619 180 614 764 338 596 83 437 742 56 469 910 670 307 906 725 923 677 478 639 217 351 555 539 544 843 146 308 33
Store_5 515 298 490 124 578 0 554 307 545 731 987 281 811 254 181 329 490 575 610 464 636 745 704 468 540 397 772 843 154 344 245 224 764 315 938 988 545 456 794 512 622 408 559 305 751 217 37 460 67 333 300 833 916 534 983 181 210 469 953 375 156 65 268 12 130 877 93 253 169 891 415 358 564 708 378 778 971 793 56 10 227 883 156 900 346 463 575 712 36 254 536 486 551 889 383 603 720 265 959 131 417 36 86 368 719 996 466 8 363 537
Store_6 53 21 393 471 256 554 0 849 13 885 879 773 333 552 482 18 322 983 206 165 620 850 435 100 282 484 69 268 552 380 873 906 642 581 388 418 735 516 158 445 601 879 11 667 184 981 770 717 526 181 631 765 189 566 979 500 45 624 371 544 266 998 78 553 2 145 447 70 467 82 307 8 259 907 804 106 25 666 76 811 65 315 686 179 286 609 133 158 103 377 384 687 195 604 845 100 809 230 858 706 857 863 364 389 86 366 710 246 709 477
Store_7 491 797 460 335 307 307 849 0 611 290 854 213 406 706 361 871 6 676 13 643 56 294 225 137 76 466 285 346 938 594 603 378 557 593 727 876 221 748 390 401 203 163 298 671 805 32 683 331 977 987 266 170 718 791 47 433 614 709 682 31 696 11 46 596 483 480 306 345 212 582 361 947 968 757 657 189 893 272 352 313 122 167 267 242 64 16 896 721 256 602 707 691 467 351 990 291 609 381 378 561 249 138 554 478 759 482 406 531 179 319
Store_8 761 557 317 910 375 545 13 611 0 445 661 254 299 475 159 696 308 522 133 405 636 221 440 542 452 456 26 419 845 835 192 358 403 557 535 890 839 541 844 499 399 180 773 680 972 823 981 123 879 816 106 849 368 899 203 780 389 422 454 301 756 586 850 175 797 487 625 72 311 819 70 560 5 643 138 564 117 762 952 972 629 622 238 888 258 858 584 66 558 446 146 132 229 131 322 858 197 538 240 834 671 588 148 472 502 452 98 950 371 473
Store_9 719 286 350 51 623 731 885 290 445 0 707 593 363 896 275 230 309 22 875 899 292 914 787 435 477 505 166 65 29 339 977 350 883 427 513 685 341 524 752 515 946 167 644 692 155 1 124 536 743 745 192 21 161 640 604 702 504 936 704 361 843 927 247 863 526 509 42 332 310 376 489 798 261 329 773 490 883 471 293 81 521 410 987 930 651 626 401 530 769 814 853 334 130 224 503 689 710 61 691 569 205 330 264 275 89 979 612 727 142 365
Store_10 854 641 232 40 335 987 879 854 661 707 0 489 478 506 747 559 143 740 822 239 378 981 308 354 836 861 499 516 353 500 184 880 143 551 512 201 630 514 759 163 126 32 631 756 402 924 192 538 472 690 158 417 386 912 961 361 590 210 677 410 233 255 433 222 67 134 797 593 796 644 588 271 13 277 769 330 377 411 270 542 617 88 520 292 758 637 86 263 514 109 568 46 480 409 517 286 770 904 844 516 432 546 404 68 846 969 143 296 31 557
Store_11 77 290 872 974 502 281 773 213 254 593 489 0 57 689 77 859 294 803 19 153 34 96 274 344 258 804 767 166 631 183 165 903 91 660 655 936 556 102 446 296 949 370 352 292 84 461 858 829 614 946 76 359 150 536 42 257 925 590 100 652 628 412 915 513 821 208 947 92 751 601 192 783 423 707 601 620 747 183 306 443 771 550 805 180 825 843 432 858 247 322 458 365 991 177 598 970 549 193 282 104 289 360 858 33 281 855 93 787 28 155
Store_12 677 151 470 627 906 811 333 406 299 363 478 57 0 802 610 913 474 147 644 69 28 254 665 51 740 949 933 589 977 20 764 841 341 239 64 863 249 174 466 119 195 233 947 304 93 61 877 491 747 129 451 934 385 186 897 604 807 753 394 178 122 671 988 380 151 687 2 637 799 385 318 46 338 359 576 597 121 456 96 471 308 883 260 121 716 606 686 936 519 163 246 849 702 659 79 178 268 53 688 838 357 959 689 608 88 253 624 31 531 952
Store_13 473 271 443 20 503 254 552 706 475 896 506 689 802 0 823 880 986 405 244 658 803 566 357 658 225 766 93 710 194 406 968 982 415 917 198 391 144 916 744 914 178 103 101 481 743 479 334 346 191 660 230 884 160 360 64 413 536 543 468 678 522 26 706 286 949 787 586 3 701 907 365 512 859 127 179 264 568 617 714 513 442 611 111 211 624 622 157 831 808 288 775 981 450 428 667 69 569 900 174 351 590 41 502 575 680 907 319 80 196 844
Store_14 262 534 814 63 70 181 482 361 159 275 747 77 610 823 0 926 145 948 62 971 668 992 445 951 451 862 951 882 238 494 152 751 847 775 443 150 903 904 386 542 673 708 590 141 515 13 970 365 350 627 74 406 387 834 969 410 805 861 351 368 309 938 106 336 512 764 380 432 357 615 162 857 563 476 932 201 752 561 488 509 900 51 129 395 227 610 278 298 769 306 461 886 143 538 509 836 660 307 715 638 672 839 148 435 378 59 514 694 769 914
Store_15 95 730 702 727 632 329 18 871 696 230 559 859 913 880 926 0 178 929 839 887 881 15 825 310 479 811 123 312 772 416 672 90 791 525 991 201 933 172 882 780 134 920 952 541 771 65 218 901 620 166 499 155 110 221 536 793 89 993 790 60 816 337 595 165 466 201 157 33 117 527 791 401 154 909 970 727 163 6 392 510 785 742 324 564 794 602 973 311 656 41 472 993 477 398 749 713 194 651 314 295 487 931 180 780 141 948 653 292 679 192
Store_16 844 865 39 767 881 490 322 6 308 309 143 294 474 986 145 178 0 905 478 23 270 605 347 610 211 619 872 966 900 259 456 794 233 992 5 303 66 576 896 36 693 959 474 627 851 480 177 468 258 506 39 747 381 490 181 168 943 27 740 275 470 831 580 258 364 616 157 985 594 687 755 429 5 120 55 533 42 240 903 933 725 677 768 536 405 440 858 297 412 793 882 310 571 48 157 738 386 811 359 974 804 577 388 299 40 785 54 302 613 440
Store_17 84 986 126 526 229 575 983 676 522 22 740 803 147 405 948 929 905 0 61 496 237 253 612 113 938 923 104 225 943 298 724 707 525 546 231 550 709 310 87 97 389 289 223 978 44 991 4 482 327 154 333 257 102 960 353 570 609 373 282 403 195 859 759 516 625 314 231 177 452 53 905 309 369 131 353 117 50 87 621 782 862 109 637 596 443 144 569 352 844 445 84 476 309 590 518 47 35 668 520 80 369 868 368 960 301 116 821 265 400 67
Store_18 875 4 352 652 210 610 206 13 133 875 822 19 644 244 62 839 478 61 0 796 836 108 594 408 684 1 811 753 445 48 620 395 40 537 344 911 62 7 578 990 150 976 151 914 949 451 143 151 609 706 968 382 122 479 247 67 630 195 971 204 887 809 248 10 114 466 989 444 55 25 403 150 936 662 450 161 929 400 865 436 234 211 553 608 923 162 248 889 301 686 237 16 657 884 108 533 295 212 336 698 173 573 312 419 162 799 528 386 326 905
Store_19 241 984 945 384 39 464 165 643 405 899 239 153 69 658 971 887 23 496 796 0 589 718 80 256 172 115 91 25 135 774 118 493 845 839 407 211 45 72 731 372 895 333 572 984 535 161 312 790 687 40 17 296 160 996 583 245 572 694 734 823 587 294 821 725 751 446 637 580 726 576 369 590 621 400 832 924 596 165 805 63 673 920 343 682 692 399 554 844 980 628 825 762 565 933 685 753 679 185 719 97 524 504 734 773 549 489 278 966 361 729
Store_20 320 762 905 818 66 636 620 56 636 292 378 34 28 803 668 881 270 237 836 589 0 997 703 332 31 939 684 64 813 333 748 218 496 382 357 83 200 827 294 129 299 705 776 114 901 678 741 725 226 176 19 501 387 70 786 66 615 337 432 69 857 462 887 776 727 99 596 633 634 67 808 985 609 112 515 252 41 492 60 7 560 844 557 521 527 386 483 816 308 381 292 393 303 695 225 580 821 483 107 985 96 361 226 843 576 303 312 31 890 869
Store_21 143 792 113 279 804 745 850 294 221 914 981 96 254 566 992 15 605 253 108 718 997 0 59 176 750 925 946 443 871 742 391 370 572 228 954 24 731 653 527 120 509 922 270 554 837 496 816 530 737 738 401 142 131 813 345 973 82 223 444 407 585 437 273 428 57 104 200 757 42 811 349 921 237 140 745 117 909 524 375 996 355 117 980 974 953 47 839 376 102 302 305 688 104 588 862 594 624 359 329 572 671 366 246 379 447 869 128 280 356 235
Store_22 888 450 393 523 565 704 435 225 440 787 308 274 665 357 445 825 347 612 594 80 703 59 0 443 203 129 556 675 178 518 672 908 414 119 919 611 114 480 207 241 992 461 395 368 154 958 554 670 170 968 858 839 71 686 767 607 524 710 491 724 718 320 19 778 379 225 588 152 705 158 577 639 346 556 474 195 506 220 546 378 442 259 149 434 789 296 28 535 603 55 783 10 519 739 518 333 514 335 451 738 435 373 343 988 276 272 48 429 25 676
Store_23 524 428 248 868 799 468 100 137 542 435 354 344 51 658 951 310 610 113 408 256 332 176 443 0 987 710 335 166 644 37 830 245 496 984 365 456 27 513 113 833 290 618 649 295 567 559 673 1 301 650 225 110 87 650 594 970 457 253 764 827 930 12 574 914 165 886 436 60 122 452 942 472 414 188 763 811 212 569 521 71 438 272 143 330 876 333 377 419 39 732 55 687 155 403 547 137 887 524 124 649 514 65 500 563 780 936 259 696 958 382
Store_24 947 753 477 321 674 540 282 76 452 477 836 258 740 225 451 479 211 938 684 172 31 750 203 987 0 6 850 551 440 552 984 924 108 931 625 466 294 610 478 115 798 822 632 508 383 459 265 927 611 823 510 689 634 190 586 993 433 517 894 940 710 377 420 393 378 419 290 846 712 307 780 919 130 933 307 789 322 76 513 11 606 226 830 160 613 817 20 282 294 217 247 680 615 638 713 769 323 149 34 782 221 924 428 145 193 611 508 681 890 171
Store_25 652 49 720 441 330 397 484 466 456 505 861 804 949 766 862 811 619 923 1 115 939 925 129 710 6 0 932 955 806 401 286 383 629 766 355 20 80 638 210 88 919 475 388 575 619 454 651 191 402 722 387 7 696 565 641 186 18 707 760 4 7 640 890 527 975 602 571 874 133 441 2 351 209 988 841 88 774 650 963 525 978 689 653 60 788 614 589 517 631 578 823 473 133 885 367 831 367 625 432 58 200 278 123 3 386 941 699 230 480 339
Store_26 260 245 546 380 17 772 69 285 26 166 499 767 933 93 951 123 872 104 811 91 684 946 556 335 850 932 0 813 323 546 117 14 28 55 99 156 390 157 130 286 550 715 137 536 969 616 559 782 815 357 7 793 965 893 690 816 95 805 40 70 766 869 794 449 715 6 590 555 824 191 944 121 367 88 706 161 290 599 936 728 870 264 18 481 740 142 439 674 885 585 610 1 386 344 636 556 381 22 46 317 976 177 216 724 672 485 275 606 525 951
Store_27 503 141 102 786 242 843 268 346 419 65 516 166 589 710 882 312 966 225 753 25 64 443 675 166 551 955 813 0 256 596 233 213 195 526 698 571 199 262 854 248 487 906 946 255 990 369 319 193 444 494 713 128 502 258 125 103 281 532 935 5 194 131 142 568 157 205 852 109 80 104 517 246 3 869 539 85 862 988 76 229 575 99 745 247 126 608 675 714 935 766 764 156 404 708 647 829 332 760 46 67 796 179 470 679 280 542 681 862 455 771
Store_28 882 710 785 254 613 154 552 938 845 29 353 631 977 194 238 772 900 943 445 135 813 871 178 644 440 806 323 256 0 231 836 304 718 82 692 372 186 485 50 794 384 127 881 432 314 226 312 597 653 731 942 49 837 189 471 517 994 327 375 676 969 46 44 701 77 296 80 268 164 367 763 28 726 621 15 404 480 450 693 267 295 984 189 361 688 7 218 411 164 650 660 866 529 972 183 993 420 520 369 42 857 581 545 892 749 418 443 874 283 435
Store_29 692 325 826 693 412 344 380 594 835 339 500 183 20 406 494 416 259 298 48 774 333 742 518 37 552 401 546 596 231 0 408 491 483 232 906 305 457 438 516 760 809 325 64 302 400 614 403 913 133 350 883 761 183 491 656 828 368 209 216 279 295 130 29 400 428 40 297 485 924 264 962 960 220 285 936 682 697 494 474 992 662 622 129 463 24 69 389 888 196 103 43 967 72 305 792 958 246 844 191 145 284 88 942 374 969 574 183 635 562 922
Store_30 223 862 19 522 822 245 873 603 192 977 184 165 764 968 152 672 456 724 620 118 748 391 672 830 984 286 117 233 836 408 0 146 947 546 851 760 406 745 480 978 740 27 424 136 286 649 518 805 978 61 40 135 185 438 466 901 502 836 780 106 205 101 364 902 845 454 657 35 411 949 102 636 629 147 703 186 328 463 476 271 367 958 543 910 321 750 866 468 69 465 162 156 60 503 810 26 178 933 926 487 379 570 469 864 223 791 225 13 897 390
Store_31 745 294 943 356 889 224 906 378 358 350 880 903 841 982 751 90 794 707 395 493 218 370 908 245 924 383 14 213 304 491 146 0 895 470 306 323 885 40 540 680 269 997 318 797 357 266 979 884 863 257 423 971 172 663 352 386 920 808 876 4 578 974 189 98 427 305 710 987 432 21 184 408 989 205 469 171 128 807 712 584 544 921 279 868 296 736 135 506 59 146 378 668 533 41 823 575 708 950 807 967 186 427 415 513 864 401 327 80 344 416
Store_32 245 859 872 298 479 764 642 557 403 883 143 91 341 415 847 791 233 525 40 845 496 572 414 496 108 629 28 195 718 483 947 895 0 630 862 695 421 623 804 725 653 676 54 115 600 701 397 399 361 813 376 719 522 762 797 776 388 575 536 9 451 567 422 465 448 416 156 98 377 730 944 112 619 411 521 266 39 344 947 516 179 65 586 206 751 410 864 565 231 442 873 812 465 66 411 679 300 484 196 963 481 156 11 13 245 447 441 934 860 335
Store_33 37 517 857 367 472 315 581 593 557 427 551 660 239 917 775 525 992 546 537 839 382 228 119 984 931 766 55 526 82 232 546 470 630 0 488 887 658 529 497 423 322 44 844 406 610 437 680 573 741 851 387 309 64 68 875 416 881 298 922 7 144 470 904 809 706 767 354 125 122 575 817 981 592 547 118 407 38 212 520 784 197 207 576 95 47 589 676 244 45 607 128 435 192 3 163 369 68 691 636 346 961 264 133 780 459 395 256 691 914 643
Store_34 387 911 50 107 946 938 388 727 535 513 512 655 64 198 443 991 5 231 344 407 357 954 919 365 625 355 99 698 692 906 851 306 862 488 0 319 634 412 936 176 411 869 451 852 579 984 784 609 293 232 521 77 129 112 256 75 153 480 720 258 776 217 953 89 343 415 622 759 462 981 653 502 163 535 106 224 497 240 216 449 96 692 629 940 805 248 145 578 983 542 755 236 398 252 168 314 415 700 729 693 199 774 407 686 44 377 502 257 123 57
Store_35 602 671 935 534 857 988 418 876 890 685 201 936 863 391 150 201 303 550 911 211 83 24 611 456 466 20 156 571 372 305 760 323 695 887 319 0 619 188 481 754 788 794 554 178 498 845 887 29 477 63 152 914 789 33 230 90 408 124 691 561 237 741 353 566 555 942 20 853 350 223 844 371 48 132 354 273 120 272 327 153 202 295 252 749 867 193 161 800 838 538 661 668 328 294 519 18 893 474 143 521 437 925 124 909 806 254 547 944 479 199
Store_36 862 223 894 149 460 545 735 221 839 341 630 556 249 144 903 933 66 709 62 45 200 731 114 27 294 80 390 199 186 457 406 885 421 658 634 619 0 457 655 422 255 469 203 374 358 700 760 553 169 378 346 638 325 842 995 679 792 658 145 114 755 390 276 98 779 496 189 105 255 961 426 356 668 839 631 571 212 130 334 339 790 668 407 370 758 749 146 767 285 384 545 547 963 454 851 912 529 293 763 12 579 548 87 394 466 134 772 429 272 16
Store_37 125 577 416 662 778 456 516 748 541 524 514 102 174 916 904 172 576 310 7 72 827 653 480 513 610 638 157 262 485 438 745 40 623 529 412 188 457 0 975 298 381 465 103 257 886 757 430 519 229 166 413 700 67 287 495 508 722 590 406 116 904 822 818 762 261 462 192 809 221 994 223 592 905 331 741 982 392 646 832 261 211 870 49 632 263 934 587 881 323 119 178 308 808 635 774 609 880 708 46 986 976 859 593 538 495 536 847 14 873 451
Store_38 653 778 794 62 484 794 158 390 844 752 759 446 466 744 386 882 896 87 578 731 294 527 207 113 478 210 130 854 50 516 480 540 804 497 936 481 655 975 0 895 451 941 774 154 115 481 759 980 757 520 933 547 72 425 54 831 500 33 914 482 693 667 128 921 92 220 219 688 100 307 561 284 302 517 816 218 450 871 189 317 19 996 610 644 508 431 811 26 909 386 862 239 101 540 189 428 138 777 329 716 580 196 980 406 786 16 74 974 768 212
Store_39 938 916 448 377 345 512 445 401 499 515 163 296 119 914 542 780 36 97 990 372 129 120 241 833 115 88 286 248 794 760 978 680 725 423 176 754 422 298 895 0 909 283 262 284 852 163 494 484 480 27 9 608 827 995 670 990 813 646 712 205 852 79 195 239 103 527 11 370 735 35 241 628 83 329 787 964 502 587 839 254 607 429 988 342 181 921 293 406 725 826 618 27 265 565 820 329 551 291 933 910 475 291 610 716 786 148 471 536 124 952
Store_40 635 871 769 693 729 622 601 203 399 946 126 949 195 178 673 134 693 389 150 895 299 509 992 290 798 919 550 487 384 809 740 269 653 322 411 788 255 381 451 909 0 757 128 45 477 362 794 288 157 893 391 824 397 612 710 53 802 700 676 215 287 380 969 283 619 23 727 63 48 372 900 379 238 971 622 589 510 470 22 889 667 434 605 468 954 289 571 91 186 846 422 773 54 172 32 793 472 954 761 301 888 519 803 765 402 614 533 700 5 262
Store_41 960 835 88 38 70 408 879 163 180 167 32 370 233 103 708 920 959 289 976 333 705 922 461 618 822 475 715 906 127 325 27 997 676 44 869 794 469 465 941 283 757 0 127 962 79 681 636 106 950 767 926 623 177 990 619 355 557 736 644 371 588 569 127 418 160 780 546 280 630 937 24 998 213 725 737 9 261 661 729 113 732 712 746 173 619 521 637 277 632 990 236 700 245 736 651 823 93 855 5 510 239 217 51 22 59 438 919 881 105 475
Store_42 375 541 728 612 117 559 11 298 773 644 631 352 947 101 590 952 474 223 151 572 776 270 395 649 632 388 137 946 881 64 424 318 54 844 451 554 203 103 774 262 128 127 0 951 299 57 2 564 273 725 986 714 392 658 656 746 8 917 18 51 795 139 227 856 925 849 136 243 881 154 942 510 494 527 86 866 749 8 359 825 368 193 454 269 144 856 740 292 379 130 563 123 328 781 662 231 376 440 813 946 923 423 762 219 92 971 475 702 939 910
Store_43 555 986 935 259 640 305 667 671 680 692 756 292 304 481 141 541 627 978 914 984 114 554 368 295 508 575 536 255 432 302 136 797 115 406 852 178 374 257 154 284 45 962 951 0 340 947 124 420 496 603 433 861 252 572 825 423 488 525 339 488 771 869 555 504 610 198 608 677 244 87 391 945 237 208 688 718 5 262 795 418 620 718 406 53 389 790 502 263 748 743 759 983 421 943 75 910 355 451 795 377 577 385 572 5 656 819 992 221 158 622
Store_44 730 593 96 170 581 751 184 805 972 155 402 84 93 743 515 771 851 44 949 535 901 837 154 567 383 619 969 990 314 400 286 357 600 610 579 498 358 886 115 852 477 79 299 340 0 408 527 159 228 484 390 259 432 39 504 804 340 329 903 570 81 978 564 220 811 416 767 637 611 798 67 1 459 393 423 403 155 527 856 180 89 590 281 58 140 359 357 827 633 413 771 396 230 46 959 314 324 453 418 292 875 400 168 403 949 349 215 120 228 140
Store_45 198 913 126 76 524 217 981 32 823 1 924 461 61 479 13 65 480 991 451 161 678 496 958 559 459 454 616 369 226 614 649 266 701 437 984 845 700 757 481 163 362 681 57 947 408 0 87 856 7 41 517 150 455 266 801 645 473 143 528 584 500 826 292 865 425 108 334 130 331 16 254 75 508 785 105 256 607 948 73 982 628 697 395 947 61 60 106 583 336 714 265 722 541 50 573 411 903 937 56 531 399 554 778 236 348 528 474 801 535 57
Store_46 691 357 847 580 196 37 770 683 981 124 192 858 877 334 970 218 177 4 143 312 741 816 554 673 265 651 559 319 312 403 518 979 397 680 784 887 760 430 759 494 794 636 2 124 527 87 0 275 123 259 290 738 692 130 545 3 92 170 419 51 366 430 186 911 127 793 474 660 626 693 816 616 490 826 399 830 717 714 857 743 849 856 31 219 991 289 789 808 225 715 477 185 184 163 670 303 958 371 96 365 197 775 847 29 618 272 530 56 746 610
Store_47 74 358 324 893 507 460 717 331 123 536 538 829 491 346 365 901 468 482 151 790 725 530 670 1 927 191 782 193 597 913 805 884 399 573 609 29 553 519 980 484 288 106 564 420 159 856 275 0 407 955 551 608 269 989 590 872 37 788 545 304 197 784 340 463 978 367 198 25 810 208 862 818 876 523 295 204 756 957 834 460 303 833 206 126 831 34 23 601 131 53 288 708 511 739 606 616 379 357 466 280 562 136 802 554 202 240 566 634 595 328
Store_48 336 478 924 154 407 67 526 977 879 743 472 614 747 191 350 620 258 327 609 687 226 737 170 301 611 402 815 444 653 133 978 863 361 741 293 477 169 229 757 480 157 950 273 496 228 7 123 407 0 674 684 709 975 861 238 842 350 924 504 573 462 555 468 910 823 657 384 764 811 527 754 173 538 774 475 517 478 498 628 752 438 630 525 917 767 301 333 42 214 490 451 606 523 749 43 407 296 859 476 977 79 464 462 751 713 60 865 169 434 927
Store_49 112 616 389 869 602 333 181 987 816 745 690 946 129 660 627 166 506 154 706 40 176 738 968 650 823 722 357 494 731 350 61 257 813 851 232 63 378 166 520 27 893 767 725 603 484 41 259 955 674 0 920 58 794 658 36 724 543 828 62 634 790 501 244 474 960 811 965 934 121 6 335 702 244 802 205 363 834 665 487 618 393 570 297 147 801 618 5 277 498 245 541 175 953 609 360 414 801 288 110 318 94 840 535 71 453 224 909 14 328 385
Store_50 62 958 643 498 933 300 631 266 106 192 158 76 451 230 74 499 39 333 968 17 19 401 858 225 510 387 7 713 942 883 40 423 376 387 521 152 346 413 933 9 391 926 986 433 390 517 290 551 684 920 0 20 589 518 323 639 758 98 284 739 939 293 206 989 339 882 59 572 714 848 674 220 708 51 494 16 472 479 937 60 512 640 718 228 292 272 211 188 214 406 637 300 488 63 574 88 73 444 137 794 343 984 510 108 95 948 745 342 816 105
Store_51 319 440 253 497 364 833 765 170 849 21 417 359 934 884 406 155 747 257 382 296 501 142 839 110 689 7 793 128 49 761 135 971 719 309 77 914 638 700 547 608 824 623 714 861 259 150 738 608 709 58 20 0 565 224 701 610 558 45 329 227 892 476 436 833 355 363 124 208 8 267 15 611 886 907 892 211 517 969 946 895 524 596 576 589 982 927 516 2 712 602 759 980 778 571 405 89 156 197 314 371 224 482 224 586 381 2 118 54 156 824
Store_52 877 75 523 32 957 916 189 718 368 161 386 150 385 160 387 110 381 102 122 160 387 131 71 87 634 696 965 502 837 183 185 172 522 64 129 789 325 67 72 827 397 177 392 252 432 455 692 269 975 794 589 565 0 570 832 963 605 774 868 734 692 608 14 366 809 884 917 482 287 629 648 249 580 624 412 322 683 113 303 995 630 623 932 253 677 274 219 665 279 45 92 468 628 342 216 909 46 875 981 519 890 550 684 993 686 769 24 851 456 813
Store_53 416 155 292 476 307 534 566 791 899 640 912 536 186 360 834 221 490 960 479 996 70 813 686 650 190 565 893 258 189 491 438 663 762 68 112 33 842 287 425 995 612 990 658 572 39 266 130 989 861 658 518 224 570 0 821 588 88 100 370 286 915 71 692 11 494 857 729 697 579 898 510 616 43 79 765 973 880 767 743 951 773 265 266 342 133 65 759 795 765 169 922 11 95 580 455 13 876 766 862 635 405 919 426 645 365 78 387 496 63 314
Store_54 646 645 786 898 725 983 979 47 203 604 961 42 897 64 969 536 181 353 247 583 786 345 767 594 586 641 690 125 471 656 466 352 797 875 256 230 995 495 54 670 710 619 656 825 504 801 545 590 238 36 323 701 832 821 0 230 702 711 636 198 527 768 432 162 830 746 386 75 750 877 846 607 251 398 552 199 589 989 937 905 94 665 115 43 861 384 764 821 251 663 638 193 83 155 799 226 79 345 684 334 613 48 888 98 544 385 930 857 875 264
Store_55 207 508 974 349 758 181 500 433 780 702 361 257 604 413 410 793 168 570 67 245 66 973 607 970 993 186 816 103 517 828 901 386 776 416 75 90 679 508 831 990 53 355 746 423 804 645 3 872 842 724 639 610 963 588 230 0 101 535 952 594 282 792 255 666 856 920 586 602 323 47 461 82 321 163 923 976 921 874 491 645 687 314 169 624 370 23 193 609 863 857 943 140 374 166 186 447 474 387 191 42 543 547 377 978 475 985 590 994 390 312
Store_56 616 29 155 406 286 210 45 614 389 504 590 925 807 536 805 89 943 609 630 572 615 82 524 457 433 18 95 281 994 368 502 920 388 881 153 408 792 722 500 813 802 557 8 488 340 473 92 37 350 543 758 558 605 88 702 101 0 988 864 790 765 754 783 259 637 276 381 82 664 791 971 965 114 666 188 511 266 245 196 110 9 259 191 505 368 43 708 320 526 653 716 114 709 423 154 233 488 647 872 91 955 483 91 978 63 4 829 779 9 705
Store_57 608 715 644 526 613 469 624 709 422 936 210 590 753 543 861 993 27 373 195 694 337 223 710 253 517 707 805 532 327 209 836 808 575 298 480 124 658 590 33 646 700 736 917 525 329 143 170 788 924 828 98 45 774 100 711 535 988 0 293 692 269 536 557 669 140 447 184 681 231 265 422 959 623 268 773 672 955 895 469 357 53 912 80 1 82 747 181 217 347 87 184 661 644 939 543 190 441 366 571 535 312 596 65 456 743 308 36 893 891 814
Store_58 737 275 895 614 20 953 371 682 454 704 677 100 394 468 351 790 740 282 971 734 432 444 491 764 894 760 40 935 375 216 780 876 536 922 720 691 145 406 914 712 676 644 18 339 903 528 419 545 504 62 284 329 868 370 636 952 864 293 0 473 389 970 866 423 526 397 252 73 222 494 651 601 29 938 760 554 638 674 892 402 12 740 59 410 809 681 300 692 98 907 66 704 958 877 565 419 93 903 33 396 957 564 993 756 40 66 252 994 82 205
Store_59 143 633 246 16 564 375 544 31 301 361 410 652 178 678 368 60 275 403 204 823 69 407 724 827 940 4 70 5 676 279 106 4 9 7 258 561 114 116 482 205 215 371 51 488 570 584 51 304 573 634 739 227 734 286 198 594 790 692 473 0 861 816 502 648 232 797 503 401 920 272 844 912 350 414 325 940 901 408 418 354 872 444 211 162 868 293 850 248 738 138 973 420 236 529 231 711 41 846 542 987 92 844 263 237 447 158 597 497 997 354
Store_60 747 790 771 820 501 156 266 696 756 843 233 628 122 522 309 816 470 195 887 587 857 585 718 930 710 7 766 194 969 295 205 578 451 144 776 237 755 904 693 852 287 588 795 771 81 500 366 197 462 790 939 892 692 915 527 282 765 269 389 861 0 609 218 164 946 531 653 945 825 103 648 278 639 843 837 47 553 869 21 402 184 417 883 100 668 983 718 16 932 163 297 586 445 422 739 618 253 834 15 324 282 3 583 228 852 337 346 727 476 650
Store_61 387 441 457 123 656 65 998 11 586 927 255 412 671 26 938 337 831 859 809 294 462 437 320 12 377 640 869 131 46 130 101 974 567 470 217 741 390 822 667 79 380 569 139 869 978 826 430 784 555 501 293 476 608 71 768 792 754 536 970 816 609 0 751 405 800 868 388 195 820 624 720 669 310 426 393 520 109 901 594 141 135 12 21 337 742 339 937 873 319 347 136 19 735 988 248 792 489 557 348 230 608 583 462 914 430 671 547 522 159 226
Store_62 788 6 584 696 967 268 78 46 850 247 433 915 988 706 106 595 580 759 248 821 887 273 19 574 420 890 794 142 44 29 364 189 422 904 953 353 276 818 128 195 969 127 227 555 564 292 186 340 468 244 206 436 14 692 432 255 783 557 866 502 218 751 0 707 649 677 236 827 819 120 185 33 728 529 4 587 30 796 494 93 606 152 581 669 785 365 94 588 92 416 6 772 598 13 370 768 730 738 38 533 664 44 26 531 85 865 609 543 331 337
Store_63 105 98 537 528 626 12 553 596 175 863 222 513 380 286 336 165 258 516 10 725 776 428 778 914 393 527 449 568 701 400 902 98 465 809 89 566 98 762 921 239 283 418 856 504 220 865 911 463 910 474 989 833 366 11 162 666 259 669 423 648 164 405 707 0 651 473 140 833 563 924 488 733 178 447 814 226 306 800 158 37 775 512 509 963 959 326 194 78 907 668 933 337 413 912 207 737 793 576 653 144 568 782 718 926 680 443 932 622 183 202
Store_64 258 232 477 721 130 130 2 483 797 526 67 821 151 949 512 466 364 625 114 751 727 57 379 165 378 975 715 157 77 428 845 427 448 706 343 555 779 261 92 103 619 160 925 610 811 425 127 978 823 960 339 355 809 494 830 856 637 140 526 232 946 800 649 651 0 383 546 846 444 196 548 859 668 5 51 70 463 539 966 157 586 190 808 315 895 325 192 363 277 632 531 722 618 138 8 194 984 781 464 699 818 254 369 797 986 855 269 672 496 283
Store_65 408 78 34 555 507 877 145 480 487 509 134 208 687 787 764 201 616 314 466 446 99 104 225 886 419 602 6 205 296 40 454 305 416 767 415 942 496 462 220 527 23 780 849 198 416 108 793 367 657 811 882 363 884 857 746 920 276 447 397 797 531 868 677 473 383 0 275 236 40 436 786 716 305 672 245 37 750 666 584 205 555 893 262 591 637 331 468 539 525 236 645 337 539 898 434 814 20 857 54 199 16 868 427 714 2 746 845 669 437 728
Store_66 517 941 879 361 201 93 447 306 625 42 797 947 2 586 380 157 157 231 989 637 596 200 588 436 290 571 590 852 80 297 657 710 156 354 622 20 189 192 219 11 727 546 136 608 767 334 474 198 384 965 59 124 917 729 386 586 381 184 252 503 653 388 236 140 546 275 0 193 590 143 296 10 441 204 887 368 776 986 196 244 956 261 924 901 178 918 546 232 353 116 163 848 288 863 376 946 413 77 814 483 959 140 879 912 405 515 507 42 943 741
Store_67 451 67 782 62 580 253 70 345 72 332 593 92 637 3 432 33 985 177 444 580 633 757 152 60 846 874 555 109 268 485 35 987 98 125 759 853 105 809 688 370 63 280 243 677 637 130 660 25 764 934 572 208 482 697 75 602 82 681 73 401 945 195 827 833 846 236 193 0 177 356 634 466 342 290 810 483 633 400 111 434 669 228 450 420 837 33 273 308 943 681 614 726 87 741 582 772 348 836 237 496 911 743 438 263 175 333 200 446 186 768
Store_68 718 29 797 806 175 169 467 212 311 310 796 751 799 701 357 117 594 452 55 726 634 42 705 122 712 133 824 80 164 924 411 432 377 122 462 350 255 221 100 735 48 630 881 244 611 331 626 810 811 121 714 8 287 579 750 323 664 231 222 920 825 820 819 563 444 40 590 177 0 260 238 202 188 796 158 389 198 237 648 934 645 303 339 405 609 316 77 636 260 585 851 946 573 520 146 178 106 180 730 661 134 7 570 176 242 19 22 691 312 211
Store_69 358 539 158 98 704 891 82 582 819 376 644 601 385 907 615 527 687 53 25 576 67 811 158 452 307 441 191 104 367 264 949 21 730 575 981 223 961 994 307 35 372 937 154 87 798 16 693 208 527 6 848 267 629 898 877 47 791 265 494 272 103 624 120 924 196 436 143 356 260 0 808 858 718 431 236 473 96 308 293 698 764 159 136 674 417 658 990 322 40 179 346 606 623 948 322 352 646 673 983 530 548 890 674 560 132 447 53 635 842 147
Store_70 118 791 5 911 229 415 307 361 70 489 588 192 318 365 162 791 755 905 403 369 808 349 577 942 780 2 944 517 763 962 102 184 944 817 653 844 426 223 561 241 900 24 942 391 67 254 816 862 754 335 674 15 648 510 846 461 971 422 651 844 648 720 185 488 548 786 296 634 238 808 0 828 481 179 154 974 202 686 52 428 190 398 315 204 34 513 9 682 986 944 51 636 88 914 442 376 586 903 784 661 866 183 823 235 647 685 365 288 728 363
Store_71 738 702 452 615 394 358 8 947 560 798 271 783 46 512 857 401 429 309 150 590 985 921 639 472 919 351 121 246 28 960 636 408 112 981 502 371 356 592 284 628 379 998 510 945 1 75 616 818 173 702 220 611 249 616 607 82 965 959 601 912 278 669 33 733 859 716 10 466 202 858 828 0 572 55 113 299 94 831 190 302 29 893 540 909 816 975 271 379 866 439 662 707 93 896 395 290 668 416 926 147 94 289 449 468 374 701 806 618 102 886
Store_72 72 81 211 186 572 564 259 968 5 261 13 423 338 859 563 154 5 369 936 621 609 237 346 414 130 209 367 3 726 220 629 989 619 592 163 48 668 905 302 83 238 213 494 237 459 508 490 876 538 244 708 886 580 43 251 321 114 623 29 350 639 310 728 178 668 305 441 342 188 718 481 572 0 573 173 356 192 426 138 493 716 107 57 14 193 103 842 42 385 417 761 934 525 844 35 360 206 168 844 301 209 507 679 193 358 412 273 769 574 520
Store_73 457 477 780 762 352 708 907 757 643 329 277 707 359 127 476 909 120 131 662 400 112 140 556 188 933 988 88 869 621 285 147 205 411 547 535 132 839 331 517 329 971 725 527 208 393 785 826 523 774 802 51 907 624 79 398 163 666 268 938 414 843 426 529 447 5 672 204 290 796 431 179 55 573 0 658 373 478 447 17 154 804 632 427 180 693 505 903 208 464 915 185 343 915 986 577 534 312 611 543 794 147 46 694 170 875 498 250 429 170 128
Store_74 551 481 786 629 555 378 804 657 138 773 769 601 576 179 932 970 55 353 450 832 515 745 474 763 307 841 706 539 15 936 703 469 521 118 106 354 631 741 816 787 622 737 86 688 423 105 399 295 475 205 494 892 412 765 552 923 188 773 760 325 837 393 4 814 51 245 887 810 158 236 154 113 173 658 0 951 970 323 599 775 190 119 846 144 127 68 337 784 391 987 683 621 821 796 570 749 990 952 775 239 601 75 52 909 631 572 753 343 833 826
Store_75 726 978 638 287 989 778 106 189 564 490 330 620 597 264 201 727 533 117 161 924 252 117 195 811 789 88 161 85 404 682 186 171 266 407 224 273 571 982 218 964 589 9 866 718 403 256 830 204 517 363 16 211 322 973 199 976 511 672 554 940 47 520 587 226 70 37 368 483 389 473 974 299 356 373 951 0 711 196 28 700 437 383 927 85 73 60 293 979 822 366 526 779 627 214 504 666 333 810 547 394 419 39 281 663 22 293 676 933 524 734
Store_76 580 901 819 888 519 971 25 893 117 883 377 747 121 568 752 163 42 50 929 596 41 909 506 212 322 774 290 862 480 697 328 128 39 38 497 120 212 392 450 502 510 261 749 5 155 607 717 756 478 834 472 517 683 880 589 921 266 955 638 901 553 109 30 306 463 750 776 633 198 96 202 94 192 478 970 711 0 266 104 770 985 588 928 446 666 340 839 831 294 260 327 756 45 468 109 633 225 675 444 601 717 799 448 573 764 951 760 986 280 909
Store_77 297 784 751 611 553 793 666 272 762 471 411 183 456 617 561 6 240 87 400 165 492 524 220 569 76 650 599 988 450 494 463 807 344 212 240 272 130 646 871 587 470 661 8 262 527 948 714 957 498 665 479 969 113 767 989 874 245 895 674 408 869 901 796 800 539 666 986 400 237 308 686 831 426 447 323 196 266 0 135 864 11 577 599 822 173 137 962 691 690 629 614 728 863 78 228 450 145 151 470 851 51 931 467 8 618 262 720 844 382 656
Store_78 662 563 226 340 820 56 76 352 952 293 270 306 96 714 488 392 903 621 865 805 60 375 546 521 513 963 936 76 693 474 476 712 947 520 216 327 334 832 189 839 22 729 359 795 856 73 857 834 628 487 937 946 303 743 937 491 196 469 892 418 21 594 494 158 966 584 196 111 648 293 52 190 138 17 599 28 104 135 0 76 627 975 836 64 84 321 606 257 190 390 371 883 443 391 163 108 249 358 281 331 845 835 795 747 259 473 660 879 704 901
Store_79 135 589 392 900 971 10 811 313 972 81 542 443 471 513 509 510 933 782 436 63 7 996 378 71 11 525 728 229 267 992 271 584 516 784 449 153 339 261 317 254 889 113 825 418 180 982 743 460 752 618 60 895 995 951 905 645 110 357 402 354 402 141 93 37 157 205 244 434 934 698 428 302 493 154 775 700 770 864 76 0 532 800 722 7 605 628 971 449 559 715 926 747 299 801 793 694 905 125 701 790 775 228 547 314 613 971 303 799 579 353
Store_80 220 712 685 653 75 227 65 122 629 521 617 771 308 442 900 785 725 862 234 673 560 355 442 438 606 978 870 575 295 662 367 544 179 197 96 202 790 211 19 607 667 732 368 620 89 628 849 303 438 393 512 524 630 773 94 687 9 53 12 872 184 135 606 775 586 555 956 669 645 764 190 29 716 804 190 437 985 11 627 532 0 304 119 682 43 304 798 684 378 750 446 114 223 14 728 200 14 930 563 718 480 344 945 86 570 927 788 524 323 558
Store_81 267 860 764 922 619 883 315 167 622 410 88 550 883 611 51 742 677 109 211 920 844 117 259 272 226 689 264 99 984 622 958 921 65 207 692 295 668 870 996 429 434 712 193 718 590 697 856 833 630 570 640 596 623 265 665 314 259 912 740 444 417 12 152 512 190 893 261 228 303 159 398 893 107 632 119 383 588 577 975 800 304 0 801 15 387 627 802 627 255 621 871 617 201 631 151 700 725 490 248 999 814 173 598 152 342 771 328 964 36 362
Store_82 773 373 17 447 180 156 686 267 238 987 520 805 260 111 129 324 768 637 553 343 557 980 149 143 830 653 18 745 189 129 543 279 586 576 629 252 407 49 610 988 605 746 454 406 281 395 31 206 525 297 718 576 932 266 115 169 191 80 59 211 883 21 581 509 808 262 924 450 339 136 315 540 57 427 846 927 928 599 836 722 119 801 0 230 662 824 491 46 615 346 259 551 923 633 941 276 862 815 921 738 121 897 997 325 77 269 383 660 515 364
Store_83 117 872 916 389 614 900 179 242 888 930 292 180 121 211 395 564 536 596 608 682 521 974 434 330 160 60 481 247 361 463 910 868 206 95 940 749 370 632 644 342 468 173 269 53 58 947 219 126 917 147 228 589 253 342 43 624 505 1 410 162 100 337 669 963 315 591 901 420 405 674 204 909 14 180 144 85 446 822 64 7 682 15 230 0 660 973 317 943 992 515 4 245 731 860 200 314 851 479 837 308 420 427 192 623 57 154 990 745 845 124
Store_84 669 315 823 277 764 346 286 64 258 651 758 825 716 624 227 794 405 443 923 692 527 953 789 876 613 788 740 126 688 24 321 296 751 47 805 867 758 263 508 181 954 619 144 389 140 61 991 831 767 801 292 982 677 133 861 370 368 82 809 868 668 742 785 959 895 637 178 837 609 417 34 816 193 693 127 73 666 173 84 605 43 387 662 660 0 965 567 35 288 706 926 318 565 806 21 246 543 565 471 920 573 172 159 648 304 39 485 333 486 652
Store_85 905 13 562 355 338 463 609 16 858 626 637 843 606 622 610 602 440 144 162 399 386 47 296 333 817 614 142 608 7 69 750 736 410 589 248 193 749 934 431 921 289 521 856 790 359 60 289 34 301 618 272 927 274 65 384 23 43 747 681 293 983 339 365 326 325 331 918 33 316 658 513 975 103 505 68 60 340 137 321 628 304 627 824 973 965 0 341 698 443 687 142 189 185 347 984 733 526 930 279 861 132 241 932 463 399 539 842 263 439 736
Store_86 152 691 615 917 596 575 133 896 584 401 86 432 686 157 278 973 858 569 248 554 483 839 28 377 20 589 439 675 218 389 866 135 864 676 145 161 146 587 811 293 571 637 740 502 357 106 789 23 333 5 211 516 219 759 764 193 708 181 300 850 718 937 94 194 192 468 546 273 77 990 9 271 842 903 337 293 839 962 606 971 798 802 491 317 567 341 0 814 293 44 186 287 830 65 156 725 680 850 504 87 792 415 827 412 890 75 262 907 4 198
Store_87 789 953 462 77 83 712 158 721 66 530 263 858 936 831 298 311 297 352 889 844 816 376 535 419 282 517 674 714 411 888 468 506 565 244 578 800 767 881 26 406 91 277 292 263 827 583 808 601 42 277 188 2 665 795 821 609 320 217 692 248 16 873 588 78 363 539 232 308 636 322 682 379 42 208 784 979 831 691 257 449 684 627 46 943 35 698 814 0 332 238 64 629 75 521 723 620 73 969 351 362 477 439 745 458 886 675 976 842 204 229
Store_88 243 602 8 149 437 36 103 256 558 769 514 247 519 808 769 656 412 844 301 980 308 102 603 39 294 631 885 935 164 196 69 59 231 45 983 838 285 323 909 725 186 632 379 748 633 336 225 131 214 498 214 712 279 765 251 863 526 347 98 738 932 319 92 907 277 525 353 943 260 40 986 866 385 464 391 822 294 690 190 559 378 255 615 992 288 443 293 332 0 779 540 865 199 773 802 692 407 649 902 930 465 507 231 369 841 890 328 314 221 9
Store_89 901 380 141 428 742 254 377 602 446 814 109 322 163 288 306 41 793 445 686 628 381 302 55 732 217 578 585 766 650 103 465 146 442 607 542 538 384 119 386 826 846 990 130 743 413 714 715 53 490 245 406 602 45 169 663 857 653 87 907 138 163 347 416 668 632 236 116 681 585 179 944 439 417 915 987 366 260 629 390 715 750 621 346 515 706 687 44 238 779 0 347 386 968 828 171 909 387 989 47 992 359 243 786 58 238 907 975 901 399 206
Store_90 241 834 351 168 56 536 384 707 146 853 568 458 246 775 461 472 882 84 237 825 292 305 783 55 247 823 610 764 660 43 162 378 873 128 755 661 545 178 862 618 422 236 563 759 771 265 477 288 451 541 637 759 92 922 638 943 716 184 66 973 297 136 6 933 531 645 163 614 851 346 51 662 761 185 683 526 327 614 371 926 446 871 259 4 926 142 186 64 540 347 0 761 143 431 799 401 672 133 679 41 183 798 255 485 605 503 81 297 118 881
Store_91 223 734 936 999 469 486 687 691 132 334 46 365 849 981 886 993 310 476 16 762 393 688 10 687 680 473 1 156 866 967 156 668 812 435 236 668 547 308 239 27 773 700 123 983 396 722 185 708 606 175 300 980 468 11 193 140 114 661 704 420 586 19 772 337 722 337 848 726 946 606 636 707 934 343 621 779 756 728 883 747 114 617 551 245 318 189 287 629 865 386 761 0 788 925 431 407 546 974 600 195 671 574 992 310 352 747 487 614 838 229
