Store_0 0 2958 2750 3011 343 3485 471 2364 4644 710 2070 4197 4086 4308 4815 4312 4254 2491 2591 1151 1434 996 2955 3598 2549 3996 477 2875 1512 2255 2959 4214 3453 2279 3177 3699 1158 159 3868 3115 551 2953 67 4389 2822 3636 1706 3950 4948 4103 218 2463 482 619 1441 1468 2645 1271 3451 1532 1620 1387 2859 4833 4241 4188 628 2090 3403 1355 4956 1005 2091 958 1994 4953 2700 1672 11 480 4440 3271 3597 3401 3426 1775 426 2844 1244 4235 4276 1069 1816 3855 1716 3346 668 4949 3952 4247 557 4617 4126 142 3933 808 2518 1905 1645 4471 3393 4112 1769 4962 231 2599 818 4459 2924 4569 2689 1207 4983 1842 2667 1266 4576 3058 4308 2229 4237 4695 2436 2371 869 2915 4042 2380 4153 3039 1709 570 1702 4419 4468 3368 2124 1859 4002 3558 1996 319 913 3044 4541 1968 2001 2224 974 4165 2161 1613 287 1106 4529 3627 2210 1078 2441 4622 1142 4525 892 1612 1715 4738 3346 4602 4509 2946 2635 4408 4164 63 3289 3030 4632 3528 1937 4953 3456 807 2088 119 2039 4877 4303 3552 2574 3519 1923 2285 1564 4167 1927 4563 2842 4723 2976 1715 406 657 2781 1315 3713 2773 3427 3600 1636 2188 4522 3395 852 4512 2813 3460 4894 81 1105 4605 3753 287 2156 2244 2220 4397 1213 4783 1254 149 3048 2674 1566 4310 697 4689 2488 832 3439 1276 2091 4334 4563 1262 3564 4734 168 2308 813 354 4810 245 2226 3067 2735 752 4965 4011 19 2132
Store_1 2958 0 4580 3477 1588 3277 2956 1994 2273 3856 1806 2590 3382 3445 2602 1795 3366 117 1831 2542 3817 2601 3871 2398 4533 3424 4197 4526 4090 2586 1427 3100 835 1789 568 4678 2878 1883 4157 1141 3691 4094 3634 3409 4565 4815 2909 3135 1228 706 2472 241 4615 1936 3433 662 2840 2656 915 2042 262 267 4727 32 3921 4259 2240 423 1943 522 226 4251 4828 4253 2109 1083 4175 4241 1334 2552 4893 2171 3074 4697 3364 327 4776 2156 3572 4641 4086 899 999 4881 1962 700 3686 404 2011 4994 812 3147 4168 4489 634 3090 4095 4655 1079 4152 2526 4798 2009 4203 190 3131 3974 2558 2874 3925 1329 4768 119 420 1340 4585 2224 1296 350 2104 3142 3116 4263 4952 4720 182 4956 13 628 941 3866 4515 836 15 4380 1769 3517 1371 2174 4080 2171 640 3394 1796 1758 2181 1356 1244 4770 4570 2816 2967 2553 3641 3821 3519 2276 3353 2651 4774 2382 279 1536 242 56 1052 1149 3088 1178 3123 1866 1726 3363 162 4792 3945 937 4692 3993 4990 3350 1307 3907 3813 961 3320 3916 191 970 1015 1736 2503 1345 2910 2569 1345 3244 3393 4935 3717 2421 4403 3173 2958 4087 385 2254 1864 2875 2548 1319 4304 3293 67 1274 3429 3760 1506 3603 1191 4755 2785 3618 2984 4744 521 803 4559 1852 1648 1357 1815 4365 3889 2288 1415 4850 2889 3684 3233 1307 2587 3548 2234 3592 2977 2968 2960 164 4627 2219 1901 4717 4808 2134 2284 483 1322 2000 1175
Store_2 2750 4580 0 4310 2794 4507 4505 3540 4983 946 4208 2414 2566 2088 3095 3576 134 1783 1382 3534 4806 3386 3249 2149 60 1215 31 2680 933 642 3704 2751 1760 3140 1926 1918 75 3739 4275 2623 4644 3835 4676 3707 2591 2379 1125 2699 1093 304 19 2543 146 1567 4901 3752 2234 2844 2791 2204 3943 2107 3066 3844 615 641 4886 1195 2477 4645 2316 2287 998 113 4196 4828 1530 1185 4316 3696 1133 2268 201 2193 2114 1326 3905 2548 4822 4721 1817 349 3225 3380 3336 2391 569 676 1873 2386 3419 1638 1352 2931 649 1921 2987 2648 4939 998 1929 2797 3407 3188 2941 2662 2096 2815 3287 3167 4869 2160 2078 3277 1849 387 1891 1539 3092 3744 236 1801 2937 3811 4193 3290 3305 2011 4135 1491 255 3474 3762 922 1908 3124 3528 426 151 77 4405 694 2756 3686 3242 1709 716 1987 4958 2111 1942 1639 4857 548 4381 710 2387 1009 4640 4300 4213 969 4100 620 4231 4112 3581 196 442 717 1994 20 3959 3489 3497 1412 2102 4363 348 2037 3858 3092 3220 120 3839 4793 2545 4838 1205 941 4397 4065 1822 46 4422 1045 4463 2394 1472 3962 4419 4746 4349 624 4801 1121 2961 1659 374 3329 4120 3671 1120 4696 1428 455 3785 2412 1601 2926 3196 4558 110 223 111 1090 2887 1724 1117 4127 1542 1893 4892 1081 4787 2027 3922 568 3399 4826 330 2355 1536 2397 1846 861 4072 210 232 3780 3019 4547 2533 1794 1601 3400 2214 1321 417 2126
Store_3 3011 3477 4310 0 535 1092 2595 2779 1018 4478 4629 3300 3313 4605 3609 820 809 4207 4080 4022 4111 454 2046 2899 4758 4881 2978 3572 4 1897 2035 1105 2982 4556 4139 705 1694 3220 4349 854 4783 4101 3726 4492 701 1386 2177 180 4895 2960 4974 1404 4309 3533 4705 3339 3389 408 2677 3745 2254 3813 4426 2822 1931 643 706 1679 2714 521 290 4543 3719 2506 4141 2593 3458 1520 720 4623 4141 3888 2970 3409 3602 1016 4808 3957 4062 1240 2614 4477 1143 888 4701 2757 948 1050 1028 859 3247 1117 3146 2932 3582 1004 3413 73 2930 3953 2225 2363 3833 362 2957 310 470 1157 4990 1794 1245 3697 295 3994 4424 1538 3768 2814 603 1603 4913 692 1581 3855 1297 4855 1279 4645 1936 337 3711 2044 4082 521 4575 664 931 4929 1447 2372 2250 1991 3760 4635 4290 3242 4996 1574 3742 910 1523 4844 1823 4588 4382 4344 2799 3317 988 3883 4705 1613 2789 1362 2429 1717 3999 414 2846 2309 1187 251 4907 295 604 1529 1430 1609 4174 4019 4413 2678 1678 1068 359 2537 4705 2632 962 771 4902 1706 1557 2746 4486 3523 583 4213 4776 998 751 960 96 292 1719 4659 600 3721 3560 3090 615 1732 1184 3587 3503 1898 3273 4540 4093 1695 157 3265 3104 453 2925 1577 3510 3298 3171 4218 4847 143 2192 24 1068 1915 998 3468 4730 3353 4519 4583 561 1914 3237 2063 391 3101 1510 3264 1484 1046 3180 763 2427 2553 3560 1078 870 3749
Store_4 343 1588 2794 535 0 275 2840 102 1417 3443 2716 1937 3195 2904 863 4381 2754 1072 1937 4352 804 571 2099 705 1463 2298 3046 2677 2981 4149 4231 4465 3031 4068 1309 3741 3482 1952 2042 3120 4950 1229 673 2115 4172 1962 3083 1648 2987 4968 2586 2502 3184 4175 4032 2950 3512 2445 1655 1904 643 39 3928 1107 705 4258 1199 1521 1092 1318 237 2293 4243 2124 3118 2248 2734 4517 2745 555 3849 4510 2397 2717 914 1853 1182 2224 3326 2751 3102 3037 4651 3586 1219 4205 2528 2854 3228 4282 4561 2089 361 4080 574 2523 170 4830 4615 3499 2449 1575 1794 1398 1423 2101 2120 109 3512 1124 3934 851 2896 4452 1543 3382 3345 3096 4323 4851 2013 4493 1781 4133 575 330 1717 2127 2116 4610 2125 2815 1860 3742 775 305 3930 3 345 1974 3068 718 2505 187 581 4364 168 2410 291 1776 4352 1170 4636 1449 3630 3494 681 3440 3667 703 217 4942 2903 1133 4115 2453 3085 4892 2267 2191 1961 4763 211 1582 3288 632 1714 658 4048 3452 1884 3397 3271 2101 1652 3355 1960 3876 548 4271 3036 1807 554 1328 955 4051 4560 1639 740 719 4768 4834 1778 2835 1935 1362 1635 2013 2441 669 3999 1188 1771 4425 2547 2741 986 1886 3741 4451 4562 205 4540 184 787 4356 1789 1054 2032 156 1303 405 4812 2732 4913 594 3368 3861 1405 4292 4123 3992 1178 1454 717 3722 1560 227 3128 4013 660 3515 1937 4492 4783 4266 3882 4299 3675 2539
Store_5 3485 3277 4507 1092 275 0 3626 3696 4805 2487 4222 4108 314 4648 3972 3507 3744 2409 2018 4311 3312 1902 4985 1606 550 4641 3916 2543 1648 1078 3880 4907 506 3284 292 4800 4469 3406 869 4163 3961 3762 3119 1440 550 3216 3372 1024 4489 3937 4867 1029 2203 118 1447 3827 3412 3808 1835 4224 852 4993 1637 686 1974 1241 21 285 1636 2945 4659 3403 3681 1677 2369 3228 1558 1755 3141 2722 1563 2326 2383 4072 2420 4595 2459 842 3712 1511 4679 4187 3859 2183 847 4688 1999 4569 1146 91 4302 2974 3639 2934 677 3232 2152 2721 358 3533 1662 4539 4745 2033 4864 4348 3561 4648 1846 1683 247 4535 4276 2643 809 3085 536 630 3322 1746 3764 4854 2886 2050 3165 2121 895 699 4596 3430 97 204 553 1141 3686 1323 1793 2680 1094 3779 4815 4902 1670 3139 2022 4143 1000 353 3740 2832 4315 4111 3931 3464 1690 549 2633 2651 2879 2300 238 2525 4526 848 107 3327 985 486 2336 1154 3696 1370 744 3496 3662 1873 2487 1410 4691 3705 3074 810 366 4344 1876 4883 3747 1194 4333 4142 3435 98 2599 1556 4512 3413 2986 4036 497 651 3047 1191 3857 3458 434 4900 2789 2912 1068 266 784 179 4694 3696 3571 4914 4578 4693 2187 3765 3039 1286 3295 152 456 4207 3421 150 1381 3490 180 1559 2174 1949 904 4131 3929 2273 4348 4120 3230 4742 4377 1456 1590 956 814 4184 4414 2045 2613 2571 4971 976 3930 4261 4068 2843 1551 3450
Store_6 471 2956 4505 2595 2840 3626 0 351 3867 4861 4931 2934 3135 4908 3698 1348 4084 4306 555 1050 3530 3991 4507 581 941 3907 4566 4530 4030 2074 704 2879 3347 2286 4916 1785 3541 363 4765 4949 2506 4694 3562 4848 460 1554 2488 4499 4143 1065 3617 4874 1983 1352 482 2492 4197 1976 1570 830 454 1676 1837 3124 3338 4054 665 2079 2004 135 1840 3208 240 3834 701 4671 4043 806 495 4827 2548 2236 2496 3735 389 2291 4282 4798 533 2986 1348 1614 3018 4850 4954 1786 3249 3940 2842 1799 876 4186 566 4064 579 1902 1929 1224 2156 2775 3268 4755 614 3557 4105 2052 1340 765 2395 2217 4376 3343 2381 4981 5 2886 4552 167 4665 87 4271 4318 1474 3915 3922 4457 1714 3883 4403 733 2520 4077 3956 1506 3794 1663 2384 4842 4897 826 1096 3846 2669 2576 1884 2129 1203 1039 836 1932 4295 4025 4306 1511 1620 4480 543 1596 1137 118 4747 4856 1102 2302 2441 251 1206 1074 1402 4463 4248 2558 4364 3255 508 3396 3882 2851 1253 4287 1865 2036 2103 3557 2550 318 269 4826 972 4398 3309 4204 1079 3674 4005 3370 4785 2656 215 1190 447 4390 75 3273 4268 4271 4316 2443 1257 3336 634 444 996 3737 3967 4470 4603 2603 1166 757 3552 2176 1183 2750 2221 4585 90 1617 2685 1529 4398 431 605 763 726 2442 4271 3795 396 578 4676 941 4747 4053 2420 3249 3098 4263 3491 757 2683 4636 2088 3415 4310 653 2516 2035 4069 4598
Store_7 2364 1994 3540 2779 102 3696 351 0 1161 3779 1264 4841 320 1198 3410 3659 3244 3546 1293 1389 504 3317 2427 1808 4092 1949 4521 1469 733 966 832 234 818 3190 3104 4695 2359 2284 4410 1794 3949 3328 1879 4688 1917 4902 651 3793 2717 3291 4639 251 52 915 2529 4596 4042 4442 4464 3143 3164 774 231 4497 2321 3662 620 3590 482 4861 4102 939 4751 3801 1715 519 3558 4532 685 108 4209 938 2728 370 1269 3914 4647 1377 4628 3269 3129 4496 4949 542 4406 2695 1282 1459 4864 1339 1433 3836 2994 2109 1172 4700 4027 4291 4473 1327 4279 2246 3647 4333 1016 826 1245 2225 3229 4986 2871 1539 4437 3682 2111 2656 3731 193 2944 2509 1870 4041 330 2451 614 284 2751 1743 293 4667 2465 849 795 352 2945 1774 1220 2237 526 4294 2565 1242 171 4901 3240 3420 1090 1712 396 506 3271 4688 3739 1252 743 4967 868 3956 1154 1297 3170 899 1699 4081 1290 435 3586 4221 3022 2028 2093 754 1343 2596 3122 3448 120 4322 4215 4836 2167 3306 1499 3458 4468 2549 3767 3949 2837 2161 1134 759 1002 2345 4219 3509 562 4710 3068 4387 3914 3238 3310 4575 3997 1300 3100 2945 415 3820 974 2061 2569 1855 4382 3000 1354 966 1308 2375 759 4613 738 2408 2133 136 4136 1321 1760 355 3262 2294 2338 866 4609 4824 710 4754 2844 770 542 2100 1487 2438 2540 1309 3689 4745 2403 4019 2933 1796 3954 1501 3826 4962 460 2361 4392 2908
Store_8 4644 2273 4983 1018 1417 4805 3867 1161 0 4713 295 2264 4766 1045 1135 833 466 3876 3896 2991 4326 3841 407 4649 2840 4663 1768 3609 3457 4339 131 4019 1176 3015 3082 4985 2785 3806 3815 4652 724 60 1496 1688 3422 3134 2136 4323 1610 3628 2006 596 3950 1336 2823 1614 3727 4191 960 4730 413 3671 268 3313 2699 3551 4547 285 3621 2297 412 929 1348 1161 4443 3605 3961 3932 4784 1280 4356 4125 4474 4673 4424 1167 2804 2256 3123 1706 2895 1384 3826 681 285 3015 4414 2975 3079 1670 456 167 1071 2261 3534 2440 1888 15 4267 539 2462 704 3610 1271 223 1050 3608 1179 1943 519 4349 276 859 245 2294 4160 4098 277 1616 1915 3934 4507 1053 2568 526 506 927 3739 1701 171 1424 3375 2419 3390 113 997 1074 2526 1231 4557 4119 1196 2877 1020 1058 2392 1639 527 4865 3606 1823 431 2884 527 1309 3444 3654 3412 2215 2855 2234 461 4617 3636 2112 884 3135 3250 3406 3287 3538 1008 4264 1835 2480 3696 2072 379 928 3078 849 999 3199 1180 910 687 980 4614 2209 2895 2423 877 327 52 1959 3958 3141 3873 1702 1336 3053 1618 4899 2141 4808 763 2582 1626 881 3464 4573 2694 4284 4965 104 1840 4942 208 1759 3232 3993 3582 4330 85 2423 13 3184 547 1577 2005 703 1959 3029 1249 873 927 4977 4926 517 1650 2306 2312 2701 4299 2008 2609 621 2707 4404 612 3040 2548 4964 2791 3024 3490 3581 516 2749 4665
Store_9 710 3856 946 4478 3443 2487 4861 3779 4713 0 2972 3754 1912 2073 1045 699 4681 3911 779 1239 841 2789 3267 930 4976 316 4626 199 2680 4097 2018 2688 870 2804 333 1636 47 4018 4045 4201 3785 4198 4072 2716 1142 4368 375 719 4555 3952 3058 362 1003 2028 2837 151 3843 482 142 727 1856 152 2802 931 523 4813 3505 1092 1520 4107 3704 3164 4849 1271 1817 3026 4673 4863 528 4952 1851 3638 3331 447 2076 4107 2951 4815 4779 2199 1116 3035 3367 2135 2263 370 3710 1374 3180 3345 1170 858 3517 1257 3066 3481 816 2437 3296 1524 724 3162 1811 3387 3295 1317 4622 2812 226 1352 4486 3105 1518 4229 441 4914 1388 4250 3498 2205 669 1570 1182 3690 1884 16 3906 1803 811 3602 385 3437 3402 2062 642 3153 4729 611 1374 1291 511 1659 3718 395 1350 3055 1585 3458 1675 3570 3629 1727 2370 4441 2027 4550 2679 2509 4755 3251 760 1548 3354 1956 2928 2248 3230 4956 1621 975 977 3006 3937 4160 737 1132 3489 3631 4828 831 4581 4469 3168 1277 3088 2006 425 1532 2083 3207 1798 848 2984 281 164 3309 4632 4813 101 3489 4753 378 2327 4333 4767 3553 2015 4936 997 151 567 4133 4013 1625 1387 1169 1274 1903 3356 1840 302 769 773 3868 3327 1966 870 1023 3439 4605 2934 169 2596 853 575 1034 4977 3567 660 4426 2270 3084 1068 3623 2617 4499 1607 3126 412 4244 3451 2226 2933 4767 127 4864 3990 2394 4558 4896
Store_10 2070 1806 4208 4629 2716 4222 4931 1264 295 2972 0 2823 2621 4329 4938 270 1828 4343 3438 567 808 1139 4492 1877 211 960 2554 4027 2833 195 4004 2870 3931 4799 3547 1373 1804 2721 4890 1839 717 1929 4167 2194 4737 1737 689 3972 965 3379 518 3980 3905 2968 2567 4016 1217 3780 4812 4234 1442 4812 1348 2594 3703 2525 1565 1408 2934 2327 3417 2309 1382 2335 3697 2862 4282 643 3034 1632 3189 4495 2344 2181 1457 714 4485 3963 4430 4492 3272 4829 4258 2613 2328 1722 2851 714 1854 3460 3725 3678 2386 3171 3584 3866 4953 1795 4158 690 1551 3174 80 646 4985 2607 4959 1394 1657 985 2133 3680 1023 288 4767 518 3890 2498 2820 2626 2203 4564 1773 1996 4020 3359 2288 4341 864 3114 3738 4353 1382 1478 3691 3205 2025 4472 3455 1209 4669 3931 3074 3569 1462 1591 365 1676 3663 3426 246 2515 2882 527 3613 3691 4855 2492 4150 1817 1397 317 1154 866 3908 4943 2495 2156 2036 331 559 1443 4437 2151 1411 1632 432 663 4575 1088 1470 1568 3952 1484 4709 3362 2646 1618 2064 3700 4718 4220 2076 4143 57 1237 3409 445 2593 633 4471 295 2573 4535 3554 2002 2011 1872 440 528 3815 860 1903 295 2930 2871 2064 3295 290 4957 388 3069 2287 2971 4155 338 2996 286 1631 4126 3447 4987 2036 676 770 1393 795 3061 4558 3703 151 120 1389 4717 4278 2590 888 846 3080 2799 453 1050 511 2919 2725 3885 1804 1281 4807 4772
Store_11 4197 2590 2414 3300 1937 4108 2934 4841 2264 3754 2823 0 1810 500 1803 4290 4781 2351 1515 4194 2910 27 4560 875 4510 978 1343 1210 1565 948 3239 1124 411 4373 2556 81 4202 858 4811 53 3021 1589 4701 315 368 2314 3967 278 3296 3163 1177 1276 4796 4528 3780 4460 1905 2129 2790 3792 2009 3440 1905 3443 3858 880 1709 2863 3510 4135 919 3776 3186 2050 126 2311 2759 500 2133 578 4783 4286 2657 192 2036 876 794 285 1340 4239 851 4998 41 3458 3389 1170 3263 2004 357 2720 2110 4459 3825 4257 2871 1911 789 2748 1373 178 1441 75 611 2623 2308 180 886 2634 4515 3941 3723 720 4837 625 3949 1460 4673 4411 3883 1518 2401 2446 2093 3425 2114 565 2443 962 4773 692 4662 4989 2546 4017 4974 3316 3788 1946 646 1058 458 2638 1719 3720 4212 3319 2001 2178 3843 275 3183 345 2859 4228 3517 1631 1063 1507 622 1206 4187 1051 104 4255 1389 3104 1199 2755 3761 3313 233 2584 585 2561 3387 2697 630 654 315 4127 922 4554 2186 742 1226 4952 1483 1640 4217 4021 1292 1475 287 4026 1911 1065 1242 1555 3297 1702 2458 3356 66 3185 4737 2439 1476 1317 4216 1049 344 4574 3128 1487 1468 4518 1538 2378 3580 248 1073 542 1339 2862 2840 4058 3436 900 4027 4997 1020 2674 4934 2998 1463 15 884 4711 2040 1719 3017 418 4881 1816 4722 1929 4647 901 824 2026 3710 3671 4184 1035 1749 3873 419 4164 246 2325
Store_12 4086 3382 2566 3313 3195 314 3135 320 4766 1912 2621 1810 0 69 4335 2233 147 3641 565 2424 2287 2870 3824 3473 1794 747 2515 442 4059 3973 2607 3582 2823 3107 4614 3359 3809 107 2556 4419 780 2001 911 493 1459 47 4754 4095 5 4927 2346 3622 3538 2300 2351 4257 366 3327 297 3778 4777 3781 4951 1060 2022 2636 2442 1235 3656 4437 860 4003 2686 2437 3632 2740 584 1913 1542 653 4430 3934 3944 1696 1656 528 4857 824 776 2580 1620 626 510 1822 4065 1978 3705 2446 3703 1286 483 76 2986 2238 2411 2757 4287 545 4605 248 4281 2211 510 1038 2871 4142 4132 95 3139 1192 3750 4234 4400 1814 1051 796 4133 4626 4714 4446 1906 2938 4089 2595 4598 3759 4715 1113 1250 4401 3202 2340 2014 2834 3033 831 4239 3355 2243 3043 350 504 4593 3716 4425 3670 1179 2582 4193 4607 3966 4225 2604 1700 1371 508 2143 1180 4171 2098 501 1078 1357 2635 4697 4388 179 2044 1549 4261 4296 3056 2421 1718 3513 1554 1698 1423 1832 1972 3886 2097 757 3927 1773 2907 3254 4198 1757 1955 3923 4012 2839 3303 3498 3296 3554 4856 1306 308 562 2031 1887 3945 3922 268 3427 3869 2663 2119 3142 3062 185 1433 2969 2449 1729 3774 641 583 2156 2744 4630 2203 2881 2923 4028 2816 3642 4669 2939 93 1506 2762 1135 2801 3282 2735 4816 498 1905 1765 1302 4697 3483 1966 4685 3106 4307 4500 650 2595 1034 1410 1995 1796 2612 2415 846 1361
Store_13 4308 3445 2088 4605 2904 4648 4908 1198 1045 2073 4329 500 69 0 852 4072 99 4483 4066 4242 1629 4497 3062 3561 3611 2259 2319 2844 2590 2953 287 4244 2459 3076 1895 2597 3326 940 1603 2426 4775 1516 1718 3705 4942 3862 3813 279 4048 4131 2772 4157 3587 1160 3679 1081 2263 2627 2693 3432 4771 4130 4328 4757 4851 2917 4789 4281 725 2975 1183 4934 4841 1587 4874 3818 3003 3374 1400 657 3621 817 2253 2974 4485 1229 1022 1591 1552 2099 1145 2839 2120 2491 1682 407 310 2877 3810 2630 3225 3249 3458 359 4271 953 2799 515 3456 99 121 3941 3268 1643 1352 1127 364 4939 2504 1906 3194 3721 4809 323 738 3412 1068 3687 2470 1352 1000 4788 2307 4170 1033 1205 4164 4497 882 1531 4912 2762 350 2775 4687 1385 3954 1721 453 4704 1725 1626 4105 1010 3854 1548 4875 1369 763 2211 2571 1590 3801 2177 1474 3016 1336 2959 2500 1896 2195 4966 1291 2116 4835 2207 3103 1925 981 4314 2633 2230 403 3671 3461 573 2662 1275 1794 2719 1634 1021 1674 1705 2871 4453 3641 4618 202 1869 2646 312 385 33 1715 3554 1578 2747 2422 3695 865 982 434 2520 1827 3911 575 350 2409 342 3763 4164 854 469 299 624 1988 4074 2516 3696 1127 1117 821 181 2877 3956 4709 404 1367 3225 1818 3282 2964 4607 1494 2938 4529 520 4412 785 1676 1780 385 1087 585 1818 181 1730 1817 2306 4900 167 3109 4043 983 1622 1563 4859 398 399
Store_14 4815 2602 3095 3609 863 3972 3698 3410 1135 1045 4938 1803 4335 852 0 1771 1441 4424 3654 4146 696 782 1452 458 3352 2392 2240 213 316 434 2941 2642 1096 1444 2135 2853 4077 4300 4113 633 3143 1678 1003 273 4868 2926 2291 4560 4299 3604 851 4238 4867 2592 1710 3910 42 2046 872 1344 4002 4866 3003 3991 979 3884 3800 2840 4811 3991 4028 1308 4031 4071 3668 1265 1280 3502 346 4033 4288 790 2690 492 1579 3839 3226 4976 4816 3735 518 3700 694 4657 3994 2055 10 1373 4352 3583 2327 857 3263 3968 1342 177 3062 1654 2948 2202 3652 2857 1896 3210 710 600 1738 203 3313 2577 2264 2080 1516 3345 3651 1571 4772 2629 3375 2981 2456 254 3649 1831 2666 4961 4357 4962 395 3013 3278 4768 4791 3275 1447 1731 4107 2428 4479 27 668 2024 4969 1977 3218 1694 2074 1689 2362 532 3104 2840 3726 1240 118 4114 2890 3427 3041 960 395 4760 3126 4414 4234 4905 809 4185 4317 4915 4608 3464 398 87 2874 718 1980 2675 3070 1019 3877 3476 128 1413 2950 477 4171 1235 2056 4477 4718 4438 2062 4482 306 4463 4951 4672 3045 2904 357 992 1264 4068 81 3123 3885 225 4836 372 3845 2946 2270 2753 4527 3426 712 3874 899 1942 2446 2270 4084 2857 747 2969 2542 2457 2747 3639 1943 3660 711 3123 3731 2076 806 4497 2060 1638 1976 3840 38 4830 4647 4829 3578 4604 711 1141 3331 1191 2572 1838 630 4807 1456 1193 1723 4252
Store_15 4312 1795 3576 820 4381 3507 1348 3659 833 699 270 4290 2233 4072 1771 0 1265 974 1265 1422 2470 880 4620 2234 3402 2965 3805 3770 3657 3624 3120 3534 2647 2373 1504 52 6 2014 3972 1265 44 4354 1475 1226 1098 4910 3986 425 2341 3046 4016 2521 4928 3212 2571 4456 3722 3049 499 1611 4771 3913 2165 2400 3622 4418 4344 2290 2353 2888 1529 3824 3330 4688 689 3176 1959 2985 4863 65 4638 809 4285 4558 4260 3586 3798 2571 1352 3079 592 3089 4165 4099 841 4845 4177 744 2766 3333 2932 4306 645 649 4035 623 3486 3906 2959 3329 1501 2707 2011 1779 878 3261 4447 757 2846 3283 3285 4980 738 2644 3905 3884 4382 2343 375 2906 2288 4640 4147 934 2151 4980 3371 2288 680 3013 1533 1106 4319 47 4233 4375 4669 4149 3360 3550 2492 1679 3657 3199 2646 141 2767 1332 1180 1929 2357 4884 1760 4028 1071 2083 1001 957 2050 2113 4232 4026 2434 1322 2515 4016 2225 2162 1291 3234 4533 1289 2870 1730 3428 2672 1261 2436 4366 3014 3496 793 4798 1539 181 3162 1716 2640 4729 3417 4702 2058 2146 4648 4479 4523 467 809 4713 140 4611 3682 273 1761 1496 4481 1747 1863 745 2979 2121 2631 3642 2707 2316 1050 1693 3694 2031 3701 3134 2781 4482 4828 3307 491 4518 4270 58 103 3248 3336 4941 4737 132 2751 1907 2704 1343 157 3864 4912 4777 1807 3136 3302 2468 1110 1911 519 963 1845 4939 2700 102 683 4879 3151 270 3323
Store_16 4254 3366 134 809 2754 3744 4084 3244 466 4681 1828 4781 147 99 1441 1265 0 368 3456 4489 365 3334 769 4569 1743 3513 1772 2978 1155 3261 2207 4932 3132 4083 3418 1414 1083 3586 1287 2918 721 688 1322 1921 4062 822 4175 927 1540 2970 4388 3546 2190 2377 3107 2219 2405 2748 231 3933 1797 3499 1989 4877 369 2619 1218 927 2999 684 3044 4695 3356 1145 2316 3073 2588 645 440 3381 482 2292 1452 2815 2962 2478 1165 2319 3322 354 1597 4936 384 4700 437 4290 1535 807 3301 142 4061 4709 437 3033 2088 3396 4593 258 4416 3356 647 701 2955 44 3846 2106 3120 2321 1347 3388 4751 4439 4689 3199 2419 2260 4873 4321 2371 4973 4894 2508 4437 2382 3643 4019 671 2468 873 4884 884 2285 1854 4668 421 4164 2105 1417 413 4199 1086 3592 3458 4354 1037 2438 2750 4302 2124 2074 3843 435 1650 3631 2494 1782 2659 728 3703 4161 3156 2953 4590 4143 582 2658 2418 1849 475 4916 2036 4993 1907 817 2973 2101 2898 4003 1981 3761 2138 626 3566 3573 4062 1083 1470 2152 1225 1263 3541 3419 2372 2063 2459 2294 4569 3349 1778 2928 1056 3510 4688 557 1378 358 3078 2806 127 2295 641 2345 3186 2059 106 2 3802 3333 51 4254 4790 2100 4526 59 4924 1303 4857 4176 4416 3146 4231 2947 2330 3598 128 4586 3244 3467 4087 4187 573 2836 1483 2595 560 2502 4136 928 4125 2117 4379 2607 4909 2988 1160 2425 3098 2970 537 2078
Store_17 2491 117 1783 4207 1072 2409 4306 3546 3876 3911 4343 2351 3641 4483 4424 974 368 0 4637 2377 3193 451 1529 3508 1330 1760 4684 3830 147 3918 1710 3695 3912 981 2143 4325 2154 57 3663 1607 3133 1205 3810 3617 678 1331 1217 1552 2629 1931 2917 2184 410 4183 3389 2342 323 2426 4673 3434 4927 3920 3108 2812 2170 3242 420 2963 2363 1629 4600 3337 3412 573 3932 1302 2489 3376 2122 3378 3159 2442 1395 892 4156 3971 2512 2346 4522 3331 2999 441 2808 2857 3134 2508 1794 690 1654 4437 192 1912 2458 2928 4075 2390 890 664 243 3401 561 2082 3003 1707 1984 4913 3306 2974 885 1082 62 4599 4235 1226 3907 1709 3498 4900 3367 4988 2966 4268 3594 4215 572 3482 1131 1903 1688 251 1375 3089 2498 4114 4432 3857 1733 3515 2713 3310 4929 4421 4246 1582 1448 4651 839 1401 3640 2126 4560 352 1589 3856 3298 3510 258 1329 4945 293 1066 2928 3984 1326 2816 370 2407 1424 1295 1969 2776 3674 3865 3201 832 3508 2242 1116 4547 3501 3270 3380 2990 689 556 2950 4905 1348 3053 509 2136 4837 1942 2282 3797 3922 4230 3486 4316 4183 821 3256 2627 2625 1134 1301 2975 313 4227 4460 3943 599 4135 4388 2055 928 3331 4579 1788 3910 2497 1993 4659 4866 2749 3719 1457 1649 2525 1794 4608 810 3653 4925 4261 3332 374 3241 781 1798 2833 4186 4080 4206 3482 3994 838 1524 728 2842 150 1525 1747 722 1113 4670 1879 4492 2522 4316
Store_18 2591 1831 1382 4080 1937 2018 555 1293 3896 779 3438 1515 565 4066 3654 1265 3456 4637 0 929 2779 2643 235 3293 1273 2693 4847 2691 1429 3283 4979 308 4373 3053 4960 3813 267 2278 3914 2999 550 4028 3689 4891 4150 3559 3661 3701 1667 719 247 262 4976 662 2582 1169 1829 2571 3668 2624 3842 4718 836 3527 3528 1596 43 4039 714 417 4151 3279 1718 930 254 566 4218 1246 2873 1083 1392 1276 2411 4390 1442 290 4196 591 2551 4675 4753 2102 2528 2311 4246 2144 4595 3470 579 2771 3864 4449 2799 4447 2762 3636 4579 3951 4911 3915 1410 1860 4878 3980 2563 829 2202 3310 1095 2677 101 4500 1370 1100 3373 1270 4795 2236 977 2949 1811 3081 3733 2384 618 2100 2701 4410 1076 3771 4169 3876 3916 4740 3380 4547 4126 2570 2432 2119 1812 1994 2583 83 12 4822 4695 4840 2223 1839 3548 4853 4164 1404 2104 1292 4050 563 2593 299 3569 2898 2848 4035 3851 4154 1335 3939 4531 4763 4916 3848 3063 1238 1069 3079 4066 2813 1796 1566 3669 4893 1006 3450 1778 4678 3165 3297 3888 3014 4602 4754 3046 1346 3874 2386 165 1307 2903 3077 3084 3462 3481 3308 1564 3883 1123 21 4403 1135 4414 4063 789 4697 1904 677 1320 2556 3266 4016 4573 2876 4676 2665 306 258 2599 692 3623 2716 4354 3116 1504 4299 765 2837 4283 3470 4490 34 1630 3783 3141 4166 4589 544 1696 3231 2412 4838 417 3282 536 472 2864 1089 2754 2049 4126 1388
Store_19 1151 2542 3534 4022 4352 4311 1050 1389 2991 1239 567 4194 2424 4242 4146 1422 4489 2377 929 0 2079 4947 3923 2039 306 3456 1055 4208 398 318 4023 667 806 709 4267 4811 2523 3779 2638 1904 1888 3453 58 2069 1086 1254 3926 4623 4884 3311 1529 3077 4235 927 3139 2960 2245 335 3926 2121 2590 2202 4385 1647 840 683 679 2752 2914 1515 2005 87 191 813 2034 3790 3804 2847 4743 3788 1425 3333 3648 1919 2655 432 3540 3450 749 221 312 3294 370 4521 683 4123 709 3395 3564 4480 1718 66 2535 3060 1914 4166 1536 340 4492 3346 1178 3660 3335 1233 3867 3926 4659 3322 3399 2182 3022 2093 543 4228 2961 3583 2565 2843 3602 4930 3628 894 4853 1272 281 1154 1793 1954 3854 3647 4068 3432 4567 521 2629 3399 1921 4936 1316 4264 1612 2745 1695 2982 4825 406 138 4307 1877 4658 277 708 4666 2563 3084 3319 2381 3681 2377 847 2799 837 2344 4742 1294 4905 4104 3383 3452 1242 2534 2334 2740 2173 1442 4775 983 1854 3240 3733 463 1736 4395 951 3942 1048 793 4129 3996 3826 145 4482 1774 3118 4974 2360 4603 1215 2766 3876 3845 2516 3192 277 1918 718 2061 1412 4323 4231 4682 3107 2674 560 638 3852 545 3502 4913 1562 2481 151 387 3193 2057 1209 441 1498 1264 4331 3378 4367 3556 1639 2747 725 4674 3411 2152 4992 3334 4803 1171 2462 1044 3251 399 3965 3476 1255 991 2414 3410 4974 4300 421 4584 3342 4665 3592
Store_20 1434 3817 4806 4111 804 3312 3530 504 4326 841 808 2910 2287 1629 696 2470 365 3193 2779 2079 0 1935 419 4241 269 4808 4728 3176 1217 2240 251 3013 1665 2479 2792 4573 2621 1880 4067 4944 4744 2714 4606 1475 1160 1770 228 763 452 1628 1257 978 1596 4922 3265 4340 412 4785 154 184 4950 3851 3416 1147 4727 2291 777 3808 2387 1105 3831 4097 2782 623 3978 2289 2173 3226 1090 1485 437 1055 3778 3236 842 1868 2730 2561 1863 1958 4219 3274 4799 3602 491 2126 1276 3341 3992 3225 466 1256 1615 590 3574 410 3744 1952 2614 4096 1188 1454 2273 786 151 4926 4709 1825 3204 3578 1649 2134 208 3776 2136 3458 2087 1003 459 1034 3924 551 499 4795 3746 1495 979 555 32 2196 497 2869 2655 366 4699 1153 3570 3492 2334 2576 3 4048 4636 879 3250 47 4533 1968 4572 4996 3579 2518 3024 2471 593 433 65 4950 907 3055 3885 4989 1722 725 4819 4969 3709 2445 1019 22 3193 1191 172 1327 2722 657 1794 4087 1818 2371 1880 1800 3427 3802 795 1557 43 1914 2803 3093 154 3784 4882 1899 3143 4762 4757 1783 879 2970 2061 4173 3957 1585 1306 3093 3396 3185 3115 650 4766 4091 417 479 4833 1679 2467 2898 3472 2740 647 1532 1243 215 2710 3398 1363 4383 1868 4569 3533 4697 1859 4757 543 4474 2917 2732 542 4136 4823 134 1614 629 68 52 3611 546 196 3542 3398 435 3116 799 2101 4791 4808 2586 2867 4451
Store_21 996 2601 3386 454 571 1902 3991 3317 3841 2789 1139 27 2870 4497 782 880 3334 451 2643 4947 1935 0 4224 409 3385 2638 1472 3794 2103 2645 599 2096 1611 1882 2795 1589 2514 2913 677 1837 3185 1659 3073 1340 2517 1429 1808 1794 1736 2135 3763 322 4281 462 2491 3461 2928 2965 2898 1224 772 921 3580 3553 3264 4754 2167 4512 582 4978 3156 4467 4299 1423 4902 122 4727 4650 1429 3446 4299 3656 3357 4761 4579 2256 1848 3245 3833 4328 1414 4864 3118 296 80 2953 2777 2650 308 4603 4736 1794 3389 1520 4174 1813 4629 4601 2647 4193 4454 2902 2677 1001 3842 3475 332 4438 247 2606 2188 2840 2957 2482 1412 1756 1662 4499 4359 2763 4920 2988 2965 954 4911 1505 4674 3373 2222 1298 3853 770 3505 2086 3395 1612 4957 4415 3215 328 1759 4973 1351 325 4952 574 3692 123 1236 3920 3945 3439 4434 2647 10 2367 1460 3085 3081 1501 4213 335 3634 4236 2038 3787 4284 181 4917 3546 260 2931 4472 3609 4567 316 3431 869 1574 4124 2453 323 3821 1306 291 3311 1396 3578 3845 975 1937 2383 4696 1263 1141 525 3063 3889 4072 3990 2465 4566 202 914 3493 151 4358 4096 2350 17 4228 3169 2426 3331 785 1218 4448 2090 3884 3087 1998 2276 3821 4288 436 2067 3827 1413 333 128 2656 2084 1360 2970 3411 1275 4111 4603 4286 4780 967 1369 4798 127 2623 3996 5 3014 3476 1117 2876 2834 789 2052 2265 2293 2280 427 911 3082
Store_22 2955 3871 3249 2046 2099 4985 4507 2427 407 3267 4492 4560 3824 3062 1452 4620 769 1529 235 3923 419 4224 0 1321 4365 2999 2999 1768 4514 323 2949 905 1323 3952 835 819 2643 3535 1345 4239 2148 639 4638 2005 306 2477 156 2731 255 4365 4587 694 2006 1261 3445 4445 256 1095 4029 1404 1563 4895 2648 251 2982 3761 1478 1896 1839 509 1219 886 1273 2453 1137 709 3895 363 3896 376 195 2473 3369 4356 993 1476 2024 2237 2879 467 1975 4487 918 4808 4019 1156 4605 4373 3296 3731 4870 1743 1682 156 4917 4206 944 2172 4490 1216 2069 4113 450 1098 2007 1420 4449 1074 1911 210 297 4442 4490 1612 2755 3144 4038 4798 286 309 197 4761 1541 232 16 4578 1165 4498 3055 2443 273 2668 3063 229 1535 4674 2723 3834 2672 484 2422 4290 1172 2413 4473 2739 2505 965 642 2319 4725 4164 4263 1370 226 1298 3669 2905 704 836 4094 781 2944 42 3393 2655 4560 544 2845 2255 1667 5 1848 1038 3144 2334 572 2867 1765 3687 2596 1396 935 4679 267 4598 1207 986 1620 2253 1816 325 4803 396 2371 2129 1381 217 1415 1014 3349 2551 1336 2713 4122 3485 2270 1367 2824 4905 1313 3956 1225 3681 3673 944 1073 600 799 650 3357 2661 3886 2965 2362 308 3736 1699 3538 3187 4555 3878 745 1448 2773 113 4661 1240 2296 1605 871 4993 3145 3325 2293 1027 504 2610 3785 2075 4958 2498 3802 2184 1749 1260 4427 1736 3163 4349
Store_23 3598 2398 2149 2899 705 1606 581 1808 4649 930 1877 875 3473 3561 458 2234 4569 3508 3293 2039 4241 409 1321 0 109 2100 3932 245 2623 3753 4581 881 4279 594 4464 3015 1148 2328 470 4817 4739 1419 2979 3256 4084 2230 1393 1554 2303 1481 254 4808 465 3528 2296 4473 384 2038 293 1737 414 4880 913 4049 2269 959 2142 1469 1344 1443 3794 4064 1048 2464 4906 4127 465 8 3758 742 4952 3028 2044 2684 2808 3047 2523 2178 4802 1862 2088 549 4099 2035 2917 59 492 3705 1527 4912 4682 1379 281 2396 1219 1130 1591 805 4898 3462 820 4374 3600 2811 2335 486 540 3402 2302 1479 1282 914 4903 2412 4901 2771 217 4468 1931 1404 1638 2234 1550 1684 659 670 4000 3339 3218 2864 3085 1724 3631 4468 4105 3955 4203 3707 4566 1443 2662 2371 2094 3051 2183 1264 3554 1286 1025 1857 3178 924 3305 2047 2639 3851 1167 4127 4342 1592 1849 4691 3207 2478 588 230 3594 2840 957 2554 280 2722 4584 324 4449 3462 1103 51 3854 2701 3752 1524 2007 2864 2135 4169 2128 4584 2133 1217 4863 1593 2011 3139 422 3045 3123 4125 4038 150 711 2769 4882 3061 2253 883 694 3960 1195 854 636 3011 2330 3386 2101 2764 1091 709 2070 2418 1669 3442 3866 676 4284 3954 3401 4581 1661 1450 139 3706 2190 3217 4676 928 4635 471 2516 4299 4038 616 1254 2626 3251 3906 3716 1870 1746 1073 1202 638 2683 2722 277 4080 3326 3886 2231 4038
Store_24 2549 4533 60 4758 1463 550 941 4092 2840 4976 211 4510 1794 3611 3352 3402 1743 1330 1273 306 269 3385 4365 109 0 4288 2081 3226 173 4516 3009 3785 4341 4406 4986 1552 2268 1863 4949 2662 3815 1028 1903 3891 1158 1604 52 1192 2320 2700 388 440 411 2820 3035 956 2479 4759 4191 932 2615 2292 3006 2230 676 1965 3367 2833 1886 3367 3782 4980 2284 132 4713 4658 511 3637 2211 3161 1969 1704 2153 2157 793 3863 3192 1185 4067 299 3774 4942 1312 4440 2172 4896 2439 26 182 176 1224 4071 2700 280 2420 2656 3917 3424 4082 2203 4656 1631 3446 3931 2415 4338 1900 2118 1096 1271 4649 198 1655 3077 1660 4189 3917 3313 2727 2151 2881 1487 3017 4183 4050 1473 2827 2771 569 4268 2286 3782 3424 3756 3251 3918 1602 441 1843 2793 2385 4469 162 4821 2475 4976 4708 3655 4598 1332 1345 933 2161 3708 1752 85 4968 4034 3759 3051 4075 1187 4106 1487 1243 4824 1025 1734 1932 3360 4920 848 3166 4129 4015 3338 3007 1576 946 2883 4397 2993 4138 1043 4969 835 2004 710 1022 450 4841 3526 881 2795 1584 2322 1225 3731 3016 3385 1217 2354 3616 4641 4261 4944 766 1241 3823 1736 4404 1094 358 2527 3613 3076 1791 1633 2942 3699 1146 1945 4384 2293 38 424 242 3197 776 2652 468 3339 1312 1713 4459 2113 2543 2390 1151 2817 2684 4344 2944 318 4406 2470 3299 4044 4190 4215 1779 2376 1519 4104 4904 2924 648 3915 528 1477
Store_25 3996 3424 1215 4881 2298 4641 3907 1949 4663 316 960 978 747 2259 2392 2965 3513 1760 2693 3456 4808 2638 2999 2100 4288 0 1129 3760 2960 1361 1296 3232 291 3406 4636 2062 716 729 3663 888 2928 3314 1236 3829 3709 3653 2547 2698 1923 2713 3035 2999 1401 3209 1204 1659 2497 1355 637 453 2909 3470 4453 3367 773 3336 3866 1904 4574 4378 304 4943 3694 2095 245 905 2970 1930 833 3944 309 594 628 1979 3446 4769 2795 1249 374 2068 449 1775 868 1073 915 946 2219 2370 1650 4322 2764 697 4811 925 1343 2828 4720 4627 4583 319 3875 4002 661 841 2129 4269 4494 2548 1362 3838 3881 2861 113 4581 2282 118 1941 182 149 2148 2125 4742 2343 715 4821 1286 4390 2490 1237 3162 3705 2897 819 4404 931 3523 125 626 1159 478 826 4661 600 4492 1164 2747 1838 2203 4634 3330 1989 1599 3311 1504 1553 3326 1204 269 1444 1586 4831 4872 558 3457 2855 1619 3676 2112 2192 4868 19 1095 4951 1089 2185 708 341 2035 2164 1017 3603 2483 4281 4350 3811 2505 1029 1611 1672 3514 4194 4554 2941 3251 584 3844 1519 206 4224 923 2905 4476 3778 4341 2779 709 1293 102 4324 4089 4290 3119 2129 4234 1494 829 197 2581 4985 4487 3044 1829 1583 921 3029 1589 1436 553 3336 367 2003 1478 3990 4061 3175 2927 2483 1010 2988 1729 3486 781 3004 4887 599 3804 3491 4336 4624 3235 1549 4248 1154 2567 4597 3521 754 3688 2628 2271
Store_26 477 4197 31 2978 3046 3916 4566 4521 1768 4626 2554 1343 2515 2319 2240 3805 1772 4684 4847 1055 4728 1472 2999 3932 2081 1129 0 3271 2343 1738 3767 4483 660 3337 4484 4643 4396 4163 2634 3082 2367 3111 3509 1201 2869 4306 3585 1684 2802 4508 2958 4337 1419 4860 4872 3892 4933 2856 73 2753 516 1362 3742 724 997 1949 3604 3412 1892 1594 3202 2843 158 3821 3907 3432 2778 3330 906 3698 1037 2145 3500 3112 3196 2692 3516 2969 4092 3230 2705 44 897 4471 4556 4658 333 4567 1197 1778 3318 1549 4437 2245 618 506 2006 1714 1164 2896 1990 3184 3220 1941 3340 1116 2473 106 3829 2638 479 4091 4217 1949 2092 1270 795 220 4123 3822 1964 3796 1477 3264 3674 3318 4274 2812 3645 3276 1563 880 4842 4686 1376 4055 1466 4858 2081 3915 810 3919 2156 3268 1686 800 2269 4370 3238 2087 3032 4841 4813 710 2493 4044 4522 2920 1064 2222 2505 4306 2962 2933 4573 1076 1156 1070 1900 4429 3148 223 4164 960 2727 322 586 2770 2896 4532 4221 3439 2226 3716 4306 1627 3710 851 1482 226 489 2431 4229 3984 2584 1199 1642 3381 2616 4341 307 2165 4535 3403 3918 1036 3860 3984 1112 3856 1115 354 907 2254 4628 3345 3897 2789 1580 4662 2857 3382 1434 2093 2254 3013 3914 40 1774 3008 3113 1400 2249 3425 4964 936 3788 2620 3171 1748 4218 1266 345 3267 2390 4516 1386 4087 2813 3483 884 2258 430 1075 1499 3081 2743 4721 3576 2628
Store_27 2875 4526 2680 3572 2677 2543 4530 1469 3609 199 4027 1210 442 2844 213 3770 2978 3830 2691 4208 3176 3794 1768 245 3226 3760 3271 0 4868 3948 2634 3175 2776 1490 1004 2115 3772 1066 3145 874 3066 3086 2735 2879 877 2514 674 20 1503 4065 1636 4840 2115 3866 441 3419 4170 1207 4908 4556 4208 2991 90 1361 4033 2872 4524 222 1643 1210 112 2476 3808 4822 484 1778 1143 1730 3478 634 1650 1795 547 4998 3461 3063 133 3960 3385 3589 1244 696 3109 2855 4043 3590 216 1665 3927 3342 3669 3746 1341 4644 4786 670 1923 2742 3997 4903 44 3964 2054 549 4256 4913 355 4668 1028 4506 3933 3456 3575 4603 409 3315 642 449 768 1699 1385 4505 4864 4131 4794 94 3287 519 1457 2434 1335 616 1818 4013 541 413 2187 1426 4953 2938 3359 2445 1487 724 4385 3879 1405 3486 3888 3612 312 1579 2005 450 4288 3180 4080 4944 410 1371 4591 1104 1343 4567 2293 2839 60 4398 1103 3815 2302 1939 1311 4051 1529 1310 1717 2457 4318 1252 4585 1966 3674 988 3162 4716 199 1661 1689 2323 259 953 2968 1927 1145 4244 3354 1626 3948 4412 3136 1978 4234 4640 2233 395 4983 2916 4167 908 749 4078 3710 1165 4322 3486 755 3226 3790 1044 4420 3252 2250 748 4473 1978 2599 2419 2909 4960 4540 3191 4967 2625 4267 2394 287 1521 3804 4463 4586 4847 1416 2903 598 2396 3524 4660 2090 3250 1015 1396 4475 2057 2740 369 1063 1987 1383 3804
Store_28 1512 4090 933 4 2981 1648 4030 733 3457 2680 2833 1565 4059 2590 316 3657 1155 147 1429 398 1217 2103 4514 2623 173 2960 2343 4868 0 322 4709 2721 4047 101 3493 1258 2249 3674 2234 656 2174 4168 4894 4360 3024 2940 1052 1760 4072 3385 786 4452 1965 3672 3214 3003 2203 3966 35 4222 486 206 1170 4048 947 2679 1193 4962 1347 2458 2082 1477 2544 4929 333 208 4745 683 760 4319 4704 3205 4254 1794 3620 1475 3863 370 2399 4518 2573 1495 2562 4346 595 2280 557 4610 2912 3820 2774 876 1946 1602 3727 2274 184 2877 497 2346 2932 4536 1144 2979 4530 1155 4808 2068 1614 1568 654 689 2929 2668 2343 1347 2384 936 166 3095 3301 569 493 4015 979 606 4658 2722 1519 4356 245 549 4292 2899 4091 2526 747 4146 2374 2633 2094 4837 1659 4464 2432 335 141 1796 255 262 3806 3231 133 2462 4566 3464 459 3942 2354 564 3719 3471 4221 499 535 2956 4237 2053 1203 1397 1128 1203 3864 2169 2963 3783 4873 4165 998 2007 159 1843 1862 2781 2830 2483 4013 226 2997 1838 1029 2294 2898 4326 2483 686 1500 4551 2999 3615 2128 2294 4506 2495 4310 4166 412 2081 670 1390 2172 659 3329 165 3561 1408 4784 3454 2567 990 2186 4139 4394 3821 1422 1355 3865 3845 4484 1786 308 4280 393 1861 3375 2472 435 3257 4385 2086 3201 2793 3855 4015 239 1502 3900 4149 2915 2229 1523 1457 2002 2339 3000 1914 1988 4660 3 437
Store_29 2255 2586 642 1897 4149 1078 2074 966 4339 4097 195 948 3973 2953 434 3624 3261 3918 3283 318 2240 2645 323 3753 4516 1361 1738 3948 322 0 2370 4539 117 4144 536 4248 593 3493 1014 1842 1238 3993 2470 4021 3886 1348 4061 2383 1357 4979 1631 317 3953 1469 791 4087 2145 3116 1483 1662 195 4777 1048 4632 2105 4202 4816 3892 1432 1741 4809 2095 2686 3511 4165 2174 151 1936 1815 4840 2959 1601 1964 1972 4321 4574 2321 4269 4519 1059 3247 483 4581 2456 3965 3559 2256 843 2046 982 3834 230 990 4474 3240 3045 202 310 4299 4889 3245 618 3690 1253 416 1032 1771 1486 4111 1810 4264 617 895 4954 4925 712 427 2778 4325 2033 2672 2827 3051 864 374 4959 4741 141 813 1941 1678 4094 2693 4783 4170 4208 889 1970 3496 2038 2513 3639 1687 158 3760 1686 780 4555 1332 4113 804 1217 1722 2144 2895 1765 2347 1618 2789 1458 4595 2593 4648 655 2241 1604 4361 3598 3722 2104 114 1666 4772 3170 1471 1562 3290 4260 4421 4622 659 329 3297 2367 687 3632 4917 735 297 120 4045 4224 398 736 3295 2240 1925 362 8 235 3965 933 715 2837 1062 3935 1 4482 222 3978 4706 2851 11 4657 1488 4500 503 3927 3884 440 4478 3054 191 3841 3933 2548 4812 2621 1839 3442 1886 289 2906 313 4688 3079 3806 650 3872 2765 4156 3035 1156 4577 3364 4357 3281 3520 4007 1001 2946 4423 721 3189 73 4578 4484 2826 3510 1262
