store_zehrs_1 0 4287 9316 5730 10808 4453 6704 2787 8988 3228 5145 3539 14254 8158 8472 5827 5168 7018
store_zehrs_2 4287 0 6037 2396 8773 1732 6215 6289 6324 2751 3250 2741 10560 9008 4005 4126 6701 4367
store_zehrs_3 9316 6037 0 5906 3890 4197 2260 6790 5149 6447 3926 7219 14519 5182 971 2999 11179 4824
store_giant_tiger_1 5730 2396 5906 0 6281 1913 6965 7710 4553 3784 2718 3842 6001 9758 3703 4898 7802 2596
store_super_store_1 10808 8773 3890 6281 0 6954 5798 10328 1957 8559 5304 16045 11050 9289 1552 5756 20005 4801
store_sobeys_1 4453 1732 4197 1913 6954 0 5631 4545 4818 2167 1814 3168 6966 8424 3112 3542 7128 2861
store_sobeys_2 6704 6215 2260 6965 5798 5631 0 4762 7081 4419 5159 7083 16452 2888 2171 3220 9478 6255
store_sobeys_3 2787 6289 6790 7710 10328 4545 4762 0 10518 2864 5029 5579 14092 5668 4985 6539 5656 7121
store_sobeys_4 8988 6324 5149 4553 1957 4818 7081 10518 0 6702 3276 8890 5955 9678 2228 5514 12850 2708
store_wholesale_club_1 3228 2751 6447 3784 8559 2167 4419 2864 6702 0 2858 3606 12887 7704 3713 3540 6001 4718
store_valu_mart_1 5145 3250 3926 2718 5304 1814 5159 5029 3276 2858 0 4504 7756 7567 2341 2707 8464 1306
store_freshco_1 3539 2741 7219 3842 16045 3168 7083 5579 8890 3606 4504 0 9784 10847 4735 4995 3960 6012
store_freshco_2 14254 10560 14519 6001 11050 6966 16452 14092 5955 12887 7756 9784 0 18375 8247 11966 13880 6772
store_food_basics_1 8158 9008 5182 9758 9289 8424 2888 5668 9678 7704 7567 10847 18375 0 3884 6087 11027 9122
store_food_basics_2 8472 4005 971 3703 1552 3112 2171 4985 2228 3713 2341 4735 8247 3884 0 3420 7208 5246
location_university_of_waterloo_1 5827 4126 2999 4898 5756 3542 3220 6539 5514 3540 2707 4995 11966 6087 3420 0 8953 4487
location_rim_park_1 5168 6701 11179 7802 20005 7128 9478 5656 12850 6001 8464 3960 13880 11027 7208 8953 0 6039
location_grand_river_hospital_1 7018 4367 4824 2596 4801 2861 6255 7121 2708 4718 1306 6012 6772 9122 5246 4487 6039 0
